# Position (bp)	A	C	G	T	N
0.0	13.888652100906423	31.991647735972467	33.56532944525222	20.551610061770017	0.00276065609887512
1.0	15.510052760851364	25.03340057214261	31.406718575081292	28.0475926338154	0.0022354581093330245
2.0	17.382700059024174	26.974640074411127	29.03074307031553	26.611586864178815	3.29932070353368E-4
3.0	19.988786349592523	25.27264845630171	31.339520165650136	23.398169698473062	8.7532998257016E-4
4.0	20.144783619101638	25.21958999274284	30.76764015480682	23.867158036519037	8.28196829662536E-4
5.0	20.799079314457718	26.607998011250277	29.033301727187656	23.559075549192134	5.45397912216792E-4
6.0	14.64875499123256	26.6495223189619	27.099980594607615	31.60093409829094	8.079969069878401E-4
7.0	16.05532274022455	29.531822352184033	28.30873050084631	26.103249076762538	8.7532998257016E-4
8.0	15.837574307098887	28.398748089592313	29.22895817821476	26.534517425867293	2.0199922674696004E-4
9.0	20.581815679476247	26.20319829415693	29.097840480133307	24.11671461454979	4.30931683726848E-4
10.0	16.719637597227276	30.136951435749904	29.759293681423788	23.384023019293217	9.4266305815248E-5
11.0	15.508342500731572	28.344659429977035	30.843120532534602	25.303473538303294	4.0399845349392007E-4
12.0	16.36527035374509	28.733097209703885	28.412335904244824	26.489087799771905	2.0873253430519202E-4
13.0	17.192585120117492	28.10296062186674	28.417022286305354	26.28729730555925	1.3466615116464E-4
14.0	17.060544958900564	27.970260596509107	29.331338119637678	25.637640859110792	2.15465841863424E-4
15.0	16.91942156578758	28.425640919979895	29.31626897732236	25.338278005071796	3.90531838377456E-4
16.0	17.422177441238087	27.915640005596725	29.113300154287007	25.548128268431654	7.54130446521984E-4
17.0	17.431368406055075	28.16522351685771	28.70511358349187	25.697688495915106	6.059976802408801E-4
18.0	16.829302977428203	28.021258667955152	29.158278648775998	25.98947637895109	0.001683326889558
19.0	17.156097326459435	28.311430557177157	29.280562247341052	25.24558055991762	0.006329309104738081
20.0	17.216178629801536	28.0926653946102	29.44234342804269	25.234861134284913	0.013951413260656704
21.0	17.11707107585192	27.912758149961803	29.92541111219293	25.02372480918143	0.02103485281191677
22.0	17.255151013948584	27.67876897900568	29.093625429601854	25.946416877116196	0.026037700327683145
23.0	17.404125443674467	28.354658391701008	29.013882868189718	25.207698971595004	0.019634324839804512
24.0	17.44963356335814	28.531603081356486	28.77571012376251	25.228764498653344	0.014288732869512894
25.0	17.76527490334522	28.264576128359653	28.818936270132124	25.14591986652906	0.005292831633948303
26.0	18.065483762395733	27.63926811552529	28.29730311779403	25.994726076667312	0.0032189276176312655
27.0	17.860689521597536	28.280367341501716	29.220493661442465	24.63752685204528	9.226234130035486E-4
28.0	17.19410984202668	28.739766136420624	30.364118476925373	23.701682266304964	3.2327832236331E-4
29.0	15.939843242990204	28.303662569304844	29.856151717453454	25.900248172217843	9.42980336502533E-5
30.0	16.663459968277937	26.798351487557742	26.796060988708646	29.742080398126426	4.71573292460055E-5
31.0	19.199787520222333	27.491525165641047	29.340488669800184	23.96799651364992	2.021306865173375E-4
32.0	18.720408162577662	26.96560491698163	29.63005717632067	24.683855616059777	7.412806026746077E-5
33.0	20.918312512111306	25.374201462836883	27.000996953580636	26.70613845882277	3.506126484052316E-4
34.0	16.06655326199468	28.753212320818673	26.916406146523325	28.25856535105597	0.005262919607351112
35.0	16.269682362735008	29.976125416330845	26.03995382935107	27.71398139201382	2.5699956925519566E-4
36.0	15.021357939073237	29.65778150261978	28.504019861467462	26.816711362047833	1.29334791685216E-4
37.0	16.337457038848676	28.760737595920578	30.748708126206758	24.152256668330672	8.405706933152121E-4
38.0	19.57757912439954	31.080777569925168	30.6428913603629	18.697647478323614	0.0011044669887749106
39.0	14.807539414420601	32.51012666154703	35.674625539658315	17.00127038744803	0.006437996926021264
