# Position (bp)	A	C	G	T	N
0.0	22.1676083174042	26.404976950006592	29.414445071813695	22.01041167682158	0.002557983953937189
1.0	25.879106608756185	19.348044924337394	24.76945316953823	30.001348910205046	0.0020463871631497513
2.0	26.931717005801335	21.302344665145405	24.519248232390456	27.246349032135615	3.4106452719162523E-4
3.0	30.196642458474965	20.23382360790676	25.219999409958366	24.348579542983764	9.549806761365506E-4
4.0	29.77495027705524	20.16509910567765	25.550371564222534	24.50877755140567	8.015016389003194E-4
5.0	31.025002928891627	21.0752297964885	22.905637847794157	24.993532563903127	5.968629225853441E-4
6.0	22.28894202295262	22.50029971045327	22.112765141431787	33.0972427832025	7.503419598215755E-4
7.0	24.814865911333797	24.12231733564484	23.211623888364123	27.850442522697417	7.503419598215755E-4
8.0	24.431577595675847	23.874568063092845	23.80962937711556	27.884020325399433	2.0463871631497512E-4
9.0	30.863849939793585	20.28208423850438	23.543496726547932	25.310142764495115	4.263306589895315E-4
10.0	26.24012341078852	23.61452341433559	25.736268784768328	24.408965017523045	1.1937258451706883E-4
11.0	24.504991735153844	23.618053432192024	24.89441921230124	26.98209223646754	4.433838853491128E-4
12.0	25.486063847620557	23.10294367677451	23.402551810685996	28.008423611692578	1.705322635958126E-5
13.0	26.337156268774535	22.226510161250193	23.334100160078634	28.102165196991198	6.821290543832504E-5
14.0	26.090327870445957	22.314726501208305	23.960891494925047	27.633968867288893	8.526613179790631E-5
15.0	26.226634308738088	22.373082641810793	24.08046871815843	27.31967790548181	1.3642581087665008E-4
16.0	26.346791341667704	22.43019389688903	23.96014115296522	27.26236201168726	5.115967907874378E-4
17.0	26.542698806086566	22.289061395537136	23.874602169545565	27.29356941592529	6.821290543832504E-5
18.0	26.1740592118715	22.515118964159747	24.022061417876863	27.28763489315216	0.0011255129397323633
19.0	26.355266795168415	22.46233922857684	24.05596323187971	27.12168994744707	0.004740796927963591
20.0	26.276480889387145	22.599361902376078	23.97947951165699	27.134377547858602	0.010300148721187083
21.0	26.517852255280662	22.4549722347895	23.950625452656578	27.06302684877011	0.013523208503147942
22.0	26.431903994428367	22.471616183716453	23.883043516593556	27.196894675692825	0.016541629568793823
23.0	26.540550099565262	22.43423551153625	23.872044185591626	27.14288710781203	0.0102830954948275
24.0	26.42569603080604	22.67083462302932	23.977567390345996	26.919830791886127	0.006071163932511168
25.0	26.69092385080382	22.633862903989133	23.840963374608066	26.832936674082532	0.0013131965164477864
26.0	26.933560009216666	22.279842498010076	23.73102409551223	27.054942352341033	6.3104491999459E-4
27.0	26.843324594359174	22.438366524208483	24.180305430302234	26.537679385339295	3.240657908134853E-4
28.0	26.170364574724797	23.17517759493634	24.745596650245734	25.908810008598515	5.117149461189748E-5
29.0	24.127502381799214	23.618628953637437	24.42271754548021	27.831117001994997	3.4117088140644284E-5
30.0	25.905528280133467	21.459511267048654	21.885793756864587	30.749149635782413	1.7060170881495615E-5
31.0	28.6667696084997	21.595979467369855	24.845335583266433	24.89183002995266	8.531091135087269E-5
32.0	28.09155399686563	21.604309210346692	24.677109555454837	25.626958980183584	6.825714925381285E-5
33.0	31.143876510600442	19.91580950911523	22.202169823525615	26.738058819332817	8.533742588871249E-5
34.0	24.779752041141407	23.027346224225585	23.159950843926737	29.03107288012727	0.0018780105790043198
35.0	24.461865662314516	24.393610933340675	22.2833395370134	28.86108128006341	1.0258726799675617E-4
36.0	23.139801895220273	24.30156820915507	24.552981646801857	28.005459125673365	1.8912314942998284E-4
37.0	24.317359128959417	23.697399665311995	26.382295078389816	25.602259786386057	6.86340952715156E-4
38.0	29.099623689120097	24.430139112630787	24.84973034237286	21.619834745825667	6.721100505921998E-4
39.0	21.096569721827304	28.338486379634737	31.162352080580312	19.398240234229043	0.004351583728602189
