# Position (bp)	A	C	G	T	N
0.0	16.56975008219412	31.4566989446152	30.862974927817444	21.10624014969293	0.0043358956803078745
1.0	18.12558819203919	24.6213220401725	28.21165840556958	29.03957131665741	0.001860045561326539
2.0	21.417357244108494	26.77957806398058	26.11598707265177	25.686487078478226	5.905407809304971E-4
3.0	24.367490559479283	24.427978356901438	28.305791237644318	22.898101935612676	6.379103622885583E-4
4.0	24.5441285703914	23.826059402528735	27.84060931681979	23.788533220176877	6.694900831939326E-4
5.0	24.76764036104337	25.140151590871074	26.306409631739086	23.78342677930648	0.0023716370399936007
6.0	19.13408026320813	25.14241585685999	23.889408322664917	31.833501858513948	5.936987530210345E-4
7.0	19.841203899805	27.8787860414223	25.544798344692087	26.734678016797314	5.336972833008235E-4
8.0	19.514180099969398	27.284660962169045	26.023404804873486	27.1775141271092	2.4000587888084376E-4
9.0	25.42839865140697	24.45425268469471	25.87619909384517	24.240795877179014	3.5369287414019075E-4
10.0	21.35557783610131	28.144156752134343	27.47077604732486	23.029284096253598	2.0526818588493216E-4
11.0	19.656535165866643	27.106570284095277	27.997143677403553	25.239103488355973	6.473842785601706E-4
12.0	20.556964590069484	27.15009029747497	26.0270712104706	26.26478124364162	0.0010926583433259465
13.0	21.412591864223874	26.355974003700073	25.89258896899506	26.33657142317581	0.002273739905186941
14.0	21.247846776204717	26.169732599660627	26.74573723505838	25.833111722641878	0.003571666434397819
15.0	21.18653159009484	26.600571574000554	26.75245739966704	25.454123492056485	0.006315944181074835
16.0	21.46402575566246	26.33092496907793	26.65659399888669	25.538921358631594	0.009533917741332464
17.0	21.472258588902488	26.49694271984957	26.42259458292205	25.598098597636177	0.010105510689719736
18.0	21.074265682276238	26.54354807196172	26.662805729988776	25.710800305603275	0.008580210169990164
19.0	21.37479093830014	26.654869746125254	26.712578528107734	25.24912373379925	0.008637053667619837
20.0	21.309023011542607	26.54987033208698	26.739474976402843	25.391134580738623	0.010497099228946377
21.0	21.36073164655307	26.458377564679925	27.01982710671239	25.147695986195366	0.013367695859244888
22.0	21.50371830686842	26.1422077149195	26.635429269935905	25.702207463544923	0.01643724473124726
23.0	21.660120032624377	26.444157216356235	26.580164758351504	25.30221871855745	0.013339274110430052
24.0	21.64752961039359	26.67568212427088	26.375563393726054	25.292388375681192	0.00883649592827974
25.0	22.10039085860507	26.394422144032603	26.41048538887439	25.090696851417672	0.004004757070267537
26.0	22.40477017779135	25.783104955983223	26.113794209252088	25.69589229039973	0.0024383665736076067
27.0	22.123959439308194	26.27076561001737	27.103413161942786	24.500901542089775	9.60246641876931E-4
28.0	21.225414936641897	27.21187741023723	28.024106249911352	23.538162305951786	4.390972577365383E-4
29.0	19.516836070416836	27.34696960779101	27.50717502861624	25.6288392125396	1.800806363177718E-4
30.0	20.510705666370026	25.401724955847882	24.29360164533336	29.793727582081736	2.4015036699241908E-4
31.0	23.161478815962443	25.739946042201993	27.32866550289581	23.769606238915824	3.034000239243561E-4
32.0	22.806696883660695	25.41405378517037	27.52811695256313	24.250727754459906	4.046241458953283E-4
33.0	26.162891188078106	23.92223225617626	25.296045483172524	24.618255454714546	5.756178585630383E-4
34.0	19.938805147766956	26.317765331609177	24.685908936136837	29.053997526515758	0.003523057971270016
35.0	19.85706646950734	27.94114129182632	23.73322818000154	28.46785656430714	7.074943576531822E-4
36.0	19.0000236732433	27.741849575483794	25.209106460939264	28.04856343826991	4.5685206373016003E-4
37.0	21.35203837585929	26.54620601319358	27.18603907383759	24.915003780552325	7.127565572131977E-4
38.0	24.383988646970455	28.643016078710986	26.407717344457076	20.563356988	0.0019209418614775271
39.0	18.55259616435552	30.82813666207351	31.91917452870907	18.694655287721485	0.005437357140405493
