# Position (bp)	A	C	G	T	N
0.0	19.13063104697577	28.620277787805552	29.651917027287183	22.592325104151378	0.004849033780117106
1.0	20.96943236777273	22.950615633766887	25.733975629077545	30.34410442812937	0.0018719412534689032
2.0	24.228506432601144	24.539691714887816	23.873604384422343	27.357635155436483	5.623126522123753E-4
3.0	27.27983640061091	22.808774092936748	25.618618770741215	24.29212809268003	6.426430310998575E-4
4.0	27.80892878977245	21.667330528277645	25.595931524340266	24.927088618453556	7.205391560816584E-4
5.0	28.351769844993285	22.517233239668926	23.922481768594515	25.205501540408044	0.003013606335233423
6.0	22.519324263773903	22.589046164140424	21.612890873930986	33.27799868496735	7.400131873271087E-4
7.0	23.205705969051042	25.20883403400492	23.215742397904165	28.3691285095947	5.890894451748693E-4
8.0	22.685313603348405	24.855823401110833	23.79123896926971	28.66742441745079	1.9960882026586482E-4
9.0	29.183642037705184	21.787419576206617	23.401045107966343	25.627511100258666	3.821778631919607E-4
10.0	25.25726838396626	25.008392698903315	25.269892424721125	24.46425175209685	1.9474031245450226E-4
11.0	23.302742632493214	24.59099848445786	25.094857397633113	27.010732065591753	6.694198240623516E-4
12.0	24.120252727161592	24.289808248707917	23.632218898627176	27.956537078105153	0.0011830473981611013
13.0	24.761997518570254	23.768120859927457	23.568076308212476	27.899268820720096	0.002536492569719892
14.0	24.639530204575426	23.825608200164027	24.116177786123483	27.4148863730442	0.0037974360928627942
15.0	24.62494172091868	23.994737727276856	24.214319600838834	27.158992733971175	0.0070082169944564
16.0	24.89640241371854	23.882319013404683	24.080491623866195	27.130436501403626	0.010350447606956796
17.0	24.979663634308462	23.869792342806047	23.947496161729298	27.19162877608464	0.011419085071550877
18.0	24.64491233996089	23.929324456323386	24.080416161995117	27.335644105652555	0.009702936068045575
19.0	24.87179454098601	23.97287812720384	24.2178176237013	26.92847862611878	0.009031081990077542
20.0	24.825529111254628	23.971271519626086	24.2490125875026	26.94374870086912	0.01043808074756132
21.0	24.92078146658394	23.908182961152548	24.39740227133903	26.76077557179468	0.012857729129808513
22.0	25.016450079331115	23.751334244993878	23.994762069815913	27.22174779965964	0.01570580619945561
23.0	25.09941675519845	23.927781139347186	23.980597146338752	26.978994263169476	0.013210695946132297
24.0	25.009616445681342	24.180728854646446	23.98033967859296	26.8206193830883	0.008695637990950255
25.0	25.336344294909402	23.976058054577436	23.962105764107257	26.72141648346627	0.0040754029396412135
26.0	25.60697555249853	23.515625500249225	23.72617845905015	27.148629996092104	0.0025904921099916133
27.0	25.623445853264787	23.778973405123565	24.320636029986094	26.275892868621302	0.0010518430042506144
28.0	24.696348704066352	24.7311524495854	25.109074909236444	25.46301485369704	4.090834147624422E-4
29.0	22.624319941389317	25.128882401917785	24.684818902237623	27.561852119219964	1.2663523531420307E-4
30.0	23.645764971808713	23.160395559008833	21.98914136743729	31.204425295037407	2.72806707751844E-4
31.0	26.446950584065327	23.699595315666716	24.867506705455177	24.985635561334004	3.118334787784771E-4
32.0	26.219150121497787	23.16803430413383	25.011107112477514	25.60134051937255	3.6794251831409516E-4
33.0	29.873873884415524	21.64593086492922	22.79899706791507	25.680552177231146	6.460055090374709E-4
34.0	23.09917864896203	23.94973103482365	22.48502323884692	30.46252944227304	0.003537635094355071
35.0	22.861906917311007	25.797418291796287	21.79190872697211	29.548096181263013	6.698826575839053E-4
36.0	22.190265723706588	25.401247438618885	23.443680642022496	28.964254613009988	5.515826420389942E-4
37.0	24.963285077731886	24.14119229730744	24.974118596851675	25.920655759462818	7.482686461807172E-4
38.0	27.664248913526023	25.969798420026123	24.279517805891558	22.08461085500159	0.001824005554704916
39.0	21.273819703542436	29.465321988485005	28.965120909318376	20.290263613534414	0.005473785119772354
