# Position (bp)	A	C	G	T	N
0.0	21.016276359702307	29.15482129490648	27.245695380155432	22.579515559831545	0.003691405404237794
1.0	24.141720355149708	21.04641607635449	23.99070739395601	30.819949368926864	0.0012068056129238942
2.0	27.08004863325208	23.140335368237462	23.364182597599388	26.414916198505527	5.172024055388119E-4
3.0	30.34932560355746	21.569317849577864	23.945345700623168	24.13543279649414	5.780497473669074E-4
4.0	30.387679711356437	20.57345982954834	24.232504589157227	24.805747396519713	6.084734182809551E-4
5.0	30.785996552186788	21.74498412543558	22.15485181998963	25.31302154411691	0.0011459582710957987
6.0	24.347455359094138	22.061755386992644	20.196632241606945	33.39366009234801	4.9691995826278E-4
7.0	25.386129625323367	24.256042369221063	21.78119843504693	28.576152932897653	4.766375109867481E-4
8.0	24.84026812178352	24.1405439732077	22.001688919384677	29.017427997058636	7.098856546611143E-5
9.0	31.658435880541656	20.500290901000056	21.91396733491584	25.92709291784605	2.129656963983343E-4
10.0	27.307313454980015	23.80199950449981	24.40911399881327	24.481441205799605	1.3183590729420693E-4
11.0	25.212775548455124	23.929271861156913	23.85675197092146	27.00087610031009	3.2451915641650936E-4
12.0	25.990029351743576	23.57231093032239	22.44408965936948	27.99317455084267	3.9550772188262087E-4
13.0	27.03794227270704	22.522055386698547	22.163066211136424	28.275922007094188	0.0010141223638015918
14.0	26.864638901956983	22.56565250711838	22.7724523395448	27.79569450293959	0.0015617484402544513
15.0	27.004871742423465	22.680430876253443	22.875588583943422	27.435336262186325	0.003772535193341922
16.0	27.090899742544757	22.729108749715916	22.75513112957107	27.418400418710842	0.00645995945741614
17.0	27.292030630957527	22.68579558355795	22.69435477630844	27.31952348824019	0.008295520935897022
18.0	26.99546068688739	22.83653473171342	22.792237866862568	27.368333197609957	0.007433516926665668
19.0	27.12203329911346	22.802176266027825	22.923140781582077	27.14536825470454	0.007281398572095429
20.0	27.099621194873446	22.907959369795968	22.799509124211028	27.185324675838324	0.007585635281235906
21.0	27.343294516447695	22.771590335535567	22.80787563371239	27.069572749234005	0.007666765070340035
22.0	27.27122084005232	22.721644809118338	22.697833216016278	27.29999149151337	0.009309643299698613
23.0	27.397316814767407	22.66587822033289	22.710215650078293	27.219916389667592	0.006672925153814474
24.0	27.382714524351602	22.87527848204353	22.741953951820822	26.99668595338956	0.003367088394488076
25.0	27.75517146460308	22.743064465384247	22.591607801788026	26.90893917858214	0.0012170896425062877
26.0	28.102174973653433	22.226956771346295	22.604288277578693	27.06583953496156	7.404424600135714E-4
27.0	27.799110539637667	22.50109729460456	23.497522959501183	26.201995326392268	2.7387986432194397E-4
28.0	26.872903583480557	23.79747798524894	23.927306812665766	25.402007284738314	3.043338664248227E-4
29.0	24.644028256771016	24.183951258703424	23.651952988709812	27.519945750116342	1.2174569940925942E-4
30.0	26.123621271303936	21.872382160703673	20.743860050717085	31.259882850676824	2.53666598481085E-4
31.0	28.893739639512106	21.981825921985113	24.043263012671318	25.0809786135682	1.928122632658643E-4
32.0	28.550987480288402	21.770969854668305	24.056880634684717	25.620827096889048	3.3493346952607827E-4
33.0	32.74979717037445	20.40976660177743	21.974031716949735	24.865967990683238	4.365202151496472E-4
34.0	25.240573460512643	22.313792688841534	21.747383852473735	30.69697046013812	0.0012795380339634078
35.0	24.86476305005547	24.22737870373497	20.679079269986936	30.228036530757784	7.424454648379861E-4
36.0	24.07096949883267	24.09553140988643	21.875455868455365	29.957511269733157	5.319530923763143E-4
37.0	26.455911803716997	23.41127243300849	23.108560947957198	27.023689508214225	5.653071030837502E-4
38.0	30.256053477102757	24.23642504152623	21.413589428936966	24.092162738157075	0.0017693142769760399
39.0	22.580390136049928	27.11708706050236	29.124550207223994	21.174647322824587	0.0033252733991341074
