# Position (bp)	A	C	G	T	N
0.0	22.056941490658534	26.094044792522325	28.46821351277348	23.378380912729224	0.0024192913164320516
1.0	25.416680732313857	18.656711939296418	24.633280446499906	31.290963853162147	0.0023630287276778183
2.0	26.787856282843286	20.536013683061586	23.995262690026895	28.680604785320718	2.6255874751975755E-4
3.0	30.356067170029295	19.607005817551677	24.599804206191138	25.43599755445281	0.0011252517750846751
4.0	29.966186184158705	19.579981020753394	24.899477508092435	25.5534550855754	9.002014200677402E-4
5.0	31.28650035445431	20.531100083643715	22.209319335201254	25.972442584028176	6.376426725479826E-4
6.0	22.321882021102223	21.826658714887458	21.350508426260376	34.50025693248865	6.939052613022164E-4
7.0	25.108999388613203	23.416114355587062	22.484293360639445	28.989842727310233	7.501678500564501E-4
8.0	24.588870509776562	23.290048648385074	23.034935316777126	29.08584545792121	3.0006714002258006E-4
9.0	31.194135937916105	19.670807593198976	22.715026237120554	26.419523868465568	5.063632987881039E-4
10.0	26.348576744046483	23.06220391812668	25.117888877636368	25.47114291822795	1.8754196251411252E-4
11.0	24.46224217668703	23.154549580468633	24.38949464942781	27.9933385094915	3.7508392502822504E-4
12.0	25.44929427959506	22.668234517473284	22.712513174822867	29.169751731950022	2.0629615876552378E-4
13.0	26.541519915080997	21.523815953819668	22.550064326893143	29.384506033224934	9.377098125705626E-5
14.0	26.250773610595367	21.642998870997385	23.256834966823828	28.84926127220966	1.3127937375987877E-4
15.0	26.371081779548174	21.74669082207144	23.356175944367553	28.52588266624657	1.687877662627013E-4
16.0	26.520515215279417	21.832866353846672	23.160569677465332	28.485673669483546	3.7508392502822504E-4
17.0	26.786580997498188	21.660740340651223	23.083414914087026	28.469169976782304	9.377098125705626E-5
18.0	26.336536550053076	21.894548905317563	23.266812199229577	28.500658272288426	0.0014440731113586664
19.0	26.546789844227646	21.835416924536865	23.360883247626656	28.251902613209705	0.005007370399126804
20.0	26.483044331169097	21.944003720832537	23.265199338351955	28.297587835278144	0.0101647743682649
21.0	26.751679438274312	21.817206599976746	23.23309215436954	28.184256227330867	0.013765580048535859
22.0	26.56076172043495	21.86047253072875	23.149842277209526	28.412269745355523	0.016653726271253194
23.0	26.732925242022905	21.77750396651251	23.175216704737686	28.303983016199872	0.010371070527030422
24.0	26.670070051333965	22.031182980626028	23.1767495063248	28.11577084318355	0.0062266185316545725
25.0	26.96488187676772	21.976529150067893	23.065371024734983	27.991792517236462	0.001425431192935863
26.0	27.185265268900178	21.586140226557163	23.02383325536842	28.204048498553302	7.12750620937087E-4
27.0	27.125004783174035	21.803808081800906	23.60321939500164	27.467798922116422	1.68817907003092E-4
28.0	26.330041226217826	22.694848139061246	24.164431399157092	26.810660476762443	1.8758801395129577E-5
29.0	24.12364991471566	23.134437839983608	23.818363486144765	28.923548759155963	0.0
30.0	25.962962212480967	20.761183870340727	21.124604777418295	32.151230377710085	1.8762049926565338E-5
31.0	28.959715745192195	20.896541255019653	24.310646251489175	25.8330029273997	9.382089928082528E-5
32.0	28.124534935416897	21.036504977610278	24.12473086073332	26.714229226239507	0.0
33.0	31.64571170505245	19.217867468588203	21.60244030215088	27.53388667220894	9.385199952623511E-5
34.0	24.699439454347655	22.18395000114535	22.41226899131449	30.702238615125154	0.002102938067347343
35.0	24.528430319908086	23.46314184227796	21.311260245689713	30.69701716217665	1.50429947593967E-4
36.0	23.323630764261235	23.317314102439234	23.348122012942348	30.0107250865846	2.08033772580884E-4
37.0	24.82443869180683	22.71383003279623	24.85615823987879	27.604779078576176	7.939569419722045E-4
38.0	29.583449152205855	23.775200824085342	23.419140518852977	23.22154768272714	6.618221286846947E-4
39.0	21.832328881885932	26.854141358270656	30.456520504172563	20.852743596912635	0.004265658758216194
