# Position (bp)	A	C	G	T	N
0.0	19.226953350886053	30.77978242082719	28.596127710231684	21.39046489654863	0.006671621506448471
1.0	21.452553132408774	24.262643776650975	24.398431435800763	29.885308594569775	0.0010630605697088222
2.0	24.43206447279069	26.595704318866854	23.79883778153922	25.172385352125065	0.001008074678172159
3.0	28.019573144524003	24.3878374873647	24.4267583342574	23.16580354090813	2.7492945768331608E-5
4.0	29.120949716318624	22.097326860882944	24.50618545458211	24.27518972423659	3.482439797322004E-4
5.0	29.09792895639527	23.0225286361941	23.17557270097114	24.69857192475364	0.005397781685849106
6.0	26.409036381415135	21.885319591748083	19.66125025087313	32.0443204614416	7.331452204888429E-5
7.0	25.23893660951494	24.75373193828017	21.741989701142515	28.26525927222507	8.247883730499482E-5
8.0	24.497268575837914	25.002561426114084	21.753445095212655	28.746660752628557	6.415020679277376E-5
9.0	31.353074490303694	21.750118448774685	21.413604792570307	25.48311062519875	9.164315256110537E-5
10.0	27.835324586299897	24.486592148564547	24.071448667462743	23.606442147052437	1.9245062037832124E-4
11.0	25.597041392462717	24.771134972951522	23.515733754647453	26.115649992806013	4.3988713229330573E-4
12.0	26.278481546276584	24.303571608584765	22.736684479040754	26.679713596819614	0.0015487692782826805
13.0	26.880100514209733	23.867322709448132	22.39508462786923	26.853863079631484	0.0036290688414197724
14.0	26.732619188793144	23.884514964868597	22.897252446643066	26.479482472788856	0.006130926906337949
15.0	26.67520475371361	24.24171248060602	22.868815576403353	26.200016679053768	0.014250510223251883
16.0	26.928585142597395	24.079963965169384	22.62741753893654	26.34366066040334	0.020372692893339376
17.0	26.921161857669418	24.030603795625094	22.743378817329347	26.278644547652984	0.026210981723155762
18.0	26.847611230417414	24.19192383915865	22.74053763354139	26.199159690975094	0.020767605907458228
19.0	26.962821875475722	23.97671050341522	22.991000010723113	26.055619217024123	0.013848393361826257
20.0	26.808349484895988	24.209526621963796	22.850064097576062	26.1254699396712	0.006589855892958011
21.0	26.940146003598763	24.1359816160997	22.848404680444816	26.073689582505377	0.0017781173513457232
22.0	27.119024527686737	23.801431685325102	22.695078559926102	26.383924442710267	5.407843517906699E-4
23.0	27.121627096521088	23.738466727896355	22.91971211046276	26.219323283597962	8.707815218327842E-4
24.0	26.953755871664626	24.258058543171774	22.73033722799223	26.057435868291385	4.12488879987277E-4
25.0	27.364366233605043	24.04249661080014	22.618936416878046	25.97395323477115	2.4750394562539986E-4
26.0	27.671836708202456	23.49832785178939	22.679190200086666	26.150507731502525	1.375084189529504E-4
27.0	27.884828798686005	23.734727829941626	23.145389766306426	25.234732734674747	3.208703911895958E-4
28.0	26.667196591756532	25.009237016055998	23.951623890343278	24.37156660342405	3.7589842014478143E-4
29.0	24.221065395838632	25.833137345243905	23.76693233941011	26.178617355604917	2.4756390243231536E-4
30.0	24.978695163717337	23.64530998777511	20.87334743660155	30.502097195538003	5.502163680015802E-4
31.0	27.575625839764843	23.94254059532162	24.119889758652157	24.36143020264414	5.136036172369043E-4
32.0	27.664600252402067	23.46009146868906	24.299551242407805	24.57470215070117	0.001054885799897887
33.0	32.55734723926448	22.295260393503252	22.481395024279806	22.664877929319672	0.0011194136327881024
34.0	24.67942888510891	23.18236992683271	21.102207339792024	31.035121639598053	8.722086683035422E-4
35.0	24.357597343906036	25.71252142415676	20.170005692865534	29.75873457361799	0.0011409654536823695
36.0	24.210837308853208	25.62302902662047	20.60216738767825	29.56298455266256	9.817241855162341E-4
37.0	28.14981433220408	24.98455016390693	21.11919947274151	25.745953297717705	4.8273342977274517E-4
38.0	29.331156235187517	25.674773517704548	19.463752362858997	25.527538610020233	0.002779274228703811
39.0	22.682235155645234	29.345459607111586	25.862843983578887	22.106576217306888	0.002885036357406632
