# Position (bp)	A	C	G	T	N
0.0	16.363795063406336	31.258835003040588	32.03526828515257	20.33768791649182	0.00441373190868666
1.0	19.072081995076108	24.144242490864084	28.450303466493075	28.33131519282302	0.0020568547437117236
2.0	20.325482880674247	26.60348916178282	27.522835185899613	25.547617470918006	5.753007253088429E-4
3.0	23.579260062434976	24.765353856186636	28.726027164648627	22.92867226747698	6.866492527879738E-4
4.0	24.11177511605996	23.777596533992526	28.38390262793969	23.72600504959386	7.206724139621526E-4
5.0	24.62036879436485	24.801702964379267	26.862928137794544	23.712615389164498	0.00238471429684472
6.0	19.397037207450687	24.7802250706344	24.450311755772347	31.37183210732934	5.938588132220314E-4
7.0	19.88459838612063	27.720837611874728	25.86605570142041	26.527920627800317	5.876727839176353E-4
8.0	19.470697351392786	27.11979063260099	26.37845688076215	27.030866461350296	1.886738937840829E-4
9.0	25.17902291481556	24.390860921142448	26.11666412060011	24.313152021020624	3.000224212632138E-4
10.0	21.372066248538513	27.817757226001355	27.63453013101979	23.175448441502603	1.9795293774067715E-4
11.0	19.838568142066617	26.761440141026622	27.98247262828951	25.417042764360815	4.7632425643850436E-4
12.0	20.653172318001374	26.792797123570605	26.298425126636527	26.25460329504418	0.0010021367473121781
13.0	21.268660582686223	26.364696058574523	26.111863761859894	26.25277223037008	0.002007366509276554
14.0	21.083636446191736	26.39680464367899	26.831701061865953	25.68453904354151	0.00331880472180854
15.0	21.042242631101367	26.67133753119344	26.83550856290281	25.445093314241596	0.0058179605607845885
16.0	21.36790478472919	26.35875156404638	26.79014874416649	25.474116540369625	0.009078366688314524
17.0	21.425776660241638	26.50208744602749	26.491910591788404	25.5704351062991	0.009790195643372218
18.0	21.00715300218277	26.502344212608925	26.715219913504708	25.766964707908713	0.00831816379488429
19.0	21.28987391836503	26.565386412609122	26.895296389211175	25.240929873132607	0.008513406682065251
20.0	21.23090426692698	26.507464738545284	26.87682994233468	25.374375396492017	0.010425655701042435
21.0	21.14544463910298	26.423252985355774	27.17039051537067	25.24748476279687	0.013427097373712348
22.0	21.353331415295944	26.241331820478507	26.670087121985723	25.718588767947065	0.01666087429275981
23.0	21.438485284768085	26.60374536461253	26.585057155597656	25.359020916066306	0.013691278955430602
24.0	21.400018317840523	26.85087545044251	26.535462039679164	25.204376973731847	0.009267218305958683
25.0	21.7471933410689	26.573719004182934	26.490529400148	25.18431584472322	0.004242409876949072
26.0	22.04078368845562	26.00920611344061	26.216986868970473	25.730327972317106	0.002695356816193778
27.0	21.962796028111875	26.347643142084394	26.91674722790227	24.771773769319456	0.001039832582002714
28.0	21.063433316232647	27.27652900943443	27.82247691407202	23.83718008014214	3.806801187672451E-4
29.0	19.52519321809658	27.405969576315357	27.24048384295604	25.82820788747131	1.4547516071987426E-4
30.0	20.268194453903256	25.64475696357704	24.554222723023297	29.53257511500195	2.5074449445576063E-4
31.0	22.834466368995834	26.122832252723406	27.239020472661323	23.80338368886855	2.9721675088839947E-4
32.0	22.544528204715977	25.56613737215748	27.575955543571517	24.312936083975345	4.4279557967391174E-4
33.0	25.651902134507043	24.210157936510836	25.21915494262961	24.918146949138336	6.380372141709427E-4
34.0	19.695297532010166	26.727567784052425	24.78563464052235	28.78793015387154	0.0035698895435270247
35.0	19.655439064074876	28.55912255762181	24.008980161457757	27.775787657061947	6.705597836178085E-4
36.0	18.90370520781752	28.352529464491738	25.652729806832347	27.09056097572474	4.745451336598516E-4
37.0	21.100599441876415	28.08140197279303	27.25810514923424	23.559115830004473	7.776060918426094E-4
38.0	23.60431498904531	28.63819210404477	26.08810031111433	21.667590911483632	0.0018016843119524697
39.0	17.67561160918201	31.687212398522085	31.755218505061546	18.876239477487864	0.005718009746491736
