# Position (bp)	A	C	G	T	N
0.0	12.284076907881778	33.562741755650954	35.55145103725169	18.598780621561144	0.0029496776544388568
1.0	14.916104550092497	25.491452200227215	32.29396501583744	27.296007262824446	0.002470971018396274
2.0	15.958544568502989	28.267676136938817	31.07463585560575	24.698833687599713	3.09751352733436E-4
3.0	18.125811425347603	26.049441102962618	32.90757540579891	22.916144254584072	0.0010278113067973104
4.0	18.24046870448327	26.20358463976833	32.09241544245657	23.462735715499576	7.954977922472334E-4
5.0	18.86024596228552	27.22660184040174	30.840104802962237	23.072413812038093	6.33582312409301E-4
6.0	13.44023791156627	27.620260610708584	28.32916882025988	30.609487881048725	8.447764165457346E-4
7.0	14.428950149884457	30.552289477845108	29.64885037897374	25.369107455700977	8.025375957184479E-4
8.0	14.257340860666663	29.353291270038273	30.510817995596177	25.878310520380865	2.3935331802129147E-4
9.0	18.698569835765607	27.282103650968796	30.34148960270306	23.67744268156815	3.9422899438800943E-4
10.0	15.108361582891364	31.01419914280537	30.813290191540382	23.06399420708652	1.54875676366718E-4
11.0	14.054031336417989	29.036971780666192	32.03499176554188	24.873688326217735	3.167911562046505E-4
12.0	14.905411088619722	29.658980656168815	29.48107778264776	25.954361517280393	1.689552833091469E-4
13.0	15.467757629703804	29.493179204814773	29.60781536454003	25.43112812428238	1.1967665901064573E-4
14.0	15.35690888424606	29.41194691256043	30.282249656492787	24.94866927298964	2.2527371107886255E-4
15.0	15.262096811095743	29.657368541173913	30.389472903162858	24.69070975439393	3.5199017356072276E-4
16.0	15.698881417467245	29.04872121265965	30.34305243907367	24.90872542809397	6.19502705466872E-4
17.0	15.855087616690023	29.090530605475195	29.812068222453846	25.241729251692824	5.843036881107998E-4
18.0	15.175225636260958	29.04820730700625	30.241453995377103	25.533388309505238	0.0017247518504475414
19.0	15.54760308067432	29.43234122321654	30.273639976847495	24.740030617513256	0.006385101748391511
20.0	15.535297504206635	29.166504164536537	30.716788565556975	24.568097497335785	0.013312268364066534
21.0	15.427947541074087	28.979717059034805	31.072530954367856	24.49902294567623	0.02078149984702507
22.0	15.627807561621864	28.68904357370836	30.30733247626073	25.350522374536975	0.025294013872073536
23.0	15.748033325303265	29.676326731921893	29.910435396357126	24.64631675370445	0.018887792713268382
24.0	15.814644134989841	29.67281233717653	29.80464456936177	24.694924121137813	0.012974837334048979
25.0	15.963141510112752	29.56071502947139	29.72707725022328	24.744109841025868	0.004956369166709026
26.0	16.48217304864433	28.772450110825716	29.219737946919967	25.522625526793547	0.0030133668164385075
27.0	16.16029268710328	29.49278674599782	30.069238733022296	24.2767946813658	8.87152510810587E-4
28.0	15.443573741656873	29.751630249947013	31.464158441776085	23.34036295373618	2.746128838507204E-4
29.0	14.511716516412307	29.430036657069092	30.64572100404428	25.412455403946026	7.041852829782643E-5
30.0	14.965155270570799	28.20449743994026	27.812118334467428	29.01817261412869	5.634089282567747E-5
31.0	17.38354262756034	28.906074391863797	30.00369887638265	23.70654322145154	1.4088274167395326E-4
32.0	16.856379931335468	28.13194912749041	30.61350007904621	24.39812859142463	4.227070327459866E-5
33.0	18.6827358217876	26.711290890172716	27.897134613831653	26.70855681030404	2.818639039870072E-4
34.0	14.374162767924837	30.504021110583857	27.6171053473736	27.50005850579856	0.004652268319152374
35.0	14.56301999672023	31.71921778888722	27.1871580338426	26.53034309728301	2.610832669335079E-4
36.0	13.364333493257416	31.14828559306817	29.797807435167023	25.689410627833247	1.6285067414514726E-4
37.0	13.923937140720005	30.92762267409087	31.926384545500774	23.22112514980707	9.30489881283196E-4
38.0	17.361179490997472	31.5420119835766	31.97831629227724	19.1174369692705	0.0010552638781937288
39.0	11.728607855965345	34.406378191332024	37.51978048454356	16.338937375383335	0.00629609277573224
