# Position (bp)	A	C	G	T	N
0.0	20.682519196028167	30.726287733974715	27.306406149157485	21.280782516798745	0.004004404040885635
1.0	22.94985562047571	23.695049766438782	24.1391770132744	29.215408678896214	5.089209148951643E-4
2.0	27.454515528047637	25.367578175274772	23.09653198521076	24.08061093009449	7.633813723427464E-4
3.0	30.054525518968756	23.511436457406866	23.40752284217867	23.02651518144571	0.0
4.0	30.883021983106772	21.29759029964594	23.687322204125767	24.131864623286695	2.0088983482703855E-4
5.0	30.74285444902012	22.436890123572695	22.265665021021782	24.55252793741451	0.002062468970890929
6.0	27.847081050610978	21.49431501856423	19.069963099215872	31.588640831608917	0.0
7.0	26.921862827331573	24.161408821661922	20.910944330882163	28.005743842157376	4.017796696540771E-5
8.0	26.015514855870247	24.35501305181257	20.888029497056227	28.741415809949643	2.6785311310271807E-5
9.0	32.65484354096994	21.00134475655433	20.759058223097266	25.584726694067143	2.6785311310271807E-5
10.0	29.237841377118567	23.904216262460697	23.240677138026985	23.61721165177113	5.357062262054361E-5
11.0	27.06919543219372	24.123788851926648	22.78996070460904	26.01697465533666	8.035593393081541E-5
12.0	27.660052614387006	23.691072147709207	21.908683784534134	26.73976288838869	4.285649809643489E-4
13.0	28.469665434051283	23.015720700987668	21.61147397023536	26.90206848227328	0.0010714124524108723
14.0	28.340466484946187	23.168584472635388	22.01183401838999	26.477186481614094	0.0019285424143395701
15.0	28.410764534479995	23.221954205421106	22.088265904213852	26.27256009585927	0.006455260025775506
16.0	28.573779939114306	23.23289600509135	21.907853439883514	26.275024344499815	0.010446271411006004
17.0	28.71023770758449	23.149593686916408	21.877853891216013	26.245707821270724	0.01660689301236852
18.0	28.480674196999807	23.332657897066458	21.894554532817967	26.278868036672844	0.013245336442929408
19.0	28.562235469939584	23.295466492312148	22.00495019338325	26.127410493868908	0.00993735049611084
20.0	28.53273144953132	23.40929067272515	21.936098550660198	26.11705797104749	0.004821356035848925
21.0	28.78399106227732	23.28056046656798	21.90296512056939	26.031291404232	0.0011919463533070953
22.0	28.74341131564226	23.181736060488735	21.74475767931527	26.329947625341532	1.4731921220649495E-4
23.0	28.81538344713296	23.144450907144833	21.901384787202087	26.138138011048675	6.428474714465233E-4
24.0	28.82257149251374	23.38979536870504	21.86516907203875	25.92239710141938	6.696532307888878E-5
25.0	29.16325688182755	23.234423455498053	21.728381205149887	25.873831308802885	1.0714872162199592E-4
26.0	29.53436116302824	22.659771190783555	21.73178579359809	26.074001487819782	8.036477033489875E-5
27.0	29.346952952092416	22.867047712020046	22.630348814422625	25.15554336334252	1.0715812239145318E-4
28.0	28.210590868556995	24.35042984521768	23.153598551344526	24.28492528394352	4.554509372845399E-4
29.0	26.00973540777319	24.85320861865589	23.030743498731667	26.106098127069377	2.1434776987891362E-4
30.0	27.00650584840374	22.73950640871219	20.035475483758425	30.217976335207545	5.359239180968913E-4
31.0	29.436177025130633	22.93448326087105	23.187841075990864	24.44097605736488	5.22580642567838E-4
32.0	29.384980636750583	22.442111938316344	23.319388148656795	24.852634803675226	8.844726010489845E-4
33.0	34.165066175168675	21.51370194521206	21.701646045580798	22.618687798471168	8.980355673018012E-4
34.0	26.29423447356386	22.434715944354114	20.58464406012935	30.68558766543662	8.178565160572719E-4
35.0	26.058035551847418	24.79869783131663	19.68780927412528	29.454410065249416	0.001047277461259797
36.0	25.882412031533793	24.613267113163147	20.020417465749908	29.48299876701298	9.046225401692913E-4
37.0	29.311402413960202	23.777588146202074	20.533478404253056	26.377074924651854	4.5611093281320105E-4
38.0	31.20707237429133	24.667762032720162	18.988986668818328	25.133887460234423	0.002291463935760128
39.0	23.697766324903114	27.871682972047836	26.09417386484444	22.33429034034953	0.002086497855080205
