# Position (bp)	A	C	G	T	N
0.0	14.212753263013001	33.474368626216624	33.74615855312842	18.562547786859156	0.004171770782806009
1.0	16.741645007205467	25.558255044119534	30.125432650918388	27.57267537116663	0.001991926589988455
2.0	18.721563662373143	28.09829500009983	29.123822431959145	24.055853809500878	4.6509606700202125E-4
3.0	21.130253911915972	25.72104806345038	30.746321806545872	22.401666829137092	7.093889506798506E-4
4.0	21.626751010350738	25.151601351597357	30.038168414104625	23.182798022637023	6.812013102554857E-4
5.0	21.947178710814775	26.072256667257825	28.91182788626757	23.06667433996878	0.0020623956910493673
6.0	17.36348784466731	26.18705553082612	25.964467130275054	30.484331782621616	6.577116099018484E-4
7.0	17.642230722883784	29.11624935256513	27.54583134160249	25.69508724661954	6.013363290531184E-4
8.0	17.28110476758703	28.335893319176876	28.169708387114962	26.213115004398446	1.7852172268764454E-4
9.0	22.463613866909707	25.962738288329025	27.88464677950336	23.688695699153314	3.0536610459728673E-4
10.0	18.94456078371036	29.429446923260322	28.9589905066376	22.666842056429306	1.5972996240473457E-4
11.0	17.532120403506074	28.051386068493617	29.72106685521066	24.69485352410102	5.731486886287535E-4
12.0	18.39337966285233	28.244410332179598	27.740560957534143	25.620737647060203	9.114003737211327E-4
13.0	18.879583574592132	27.99145914495142	27.80130062470858	25.32585734470078	0.001799311047088628
14.0	18.752321076016194	27.975876077736817	28.400208118745134	24.868602139676803	0.00299258782505341
15.0	18.652381796891607	28.2212353938107	28.49375350143346	24.627903180153083	0.004726127711151853
16.0	18.977000059898735	27.850271952005844	28.464156478987874	24.701238024657137	0.007333484450405608
17.0	19.04096251396169	27.790542341946615	28.13426242928132	25.02673010451742	0.007502610292951797
18.0	18.553748545106686	27.903992896714612	28.32629542761238	25.209348430946743	0.006614699619584303
19.0	18.90998864272988	28.03996067824161	28.376568084309234	24.66586723386463	0.0076153608546492575
20.0	18.885813043125914	27.87329185835241	28.667196750904644	24.56324543095966	0.01045291665736866
21.0	18.843973188856015	27.80219323332202	28.91906741191656	24.420305906367705	0.014460259537699206
22.0	19.061276406827517	27.577561228840185	28.35013277553125	24.993590835258512	0.017438753542540434
23.0	19.136762907883966	28.170568110147904	28.10148959934793	24.577409720272904	0.013769662347302267
24.0	19.110152593916162	28.32139550949394	27.99045400063369	24.568784717380463	0.009213178575737495
25.0	19.341683935068055	28.053575207474534	28.003297002345846	24.597356196158014	0.004087658953551791
26.0	19.70307056598931	27.410001417605745	27.661622912831625	25.2228711633196	0.002433940253720886
27.0	19.49556961484036	28.05167841314179	28.334090033576437	24.117811414260068	8.505241813422812E-4
28.0	18.603768546776372	28.609926192372402	29.56700468160583	23.218981018915294	3.195603301001817E-4
29.0	17.297012866763676	28.859315898507997	28.743426715037014	25.100155222323888	8.929736742431097E-5
30.0	17.927826858615834	27.320675407943845	26.068362348528012	28.682989669278626	1.457156336846224E-4
31.0	20.37005798252701	27.864593911684217	28.4052980894652	23.359833747816626	2.1626850694240712E-4
32.0	20.053864489077338	27.12002023856491	28.91384173950089	23.912014908072994	2.586247838719704E-4
33.0	22.526289985157494	25.80224768714025	26.43734255675576	25.23367294831866	4.468226278316032E-4
34.0	17.380740021094205	28.79315014299943	25.95378905194278	27.86877779341984	0.0035429905437441233
35.0	17.404276055354433	30.33477340841208	25.353177682865713	26.907146296810485	6.265565572818262E-4
36.0	16.63320603582699	29.86721625258121	27.33539680328503	26.163778841494146	4.0206681262480335E-4
37.0	17.869866386546033	29.58494689776105	28.925535347838423	23.618860538847738	7.908290067592734E-4
38.0	20.747508555374445	30.09057733129727	28.772344939113914	20.387861480655943	0.0017076935584290755
39.0	14.693179622991643	33.173159140950915	34.535317863135454	17.592651604847077	0.005691768074914489
