# Position (bp)	A	C	G	T	N
0.0	23.20849102635365	24.079654998305884	26.839937985766475	25.869447710876813	0.0024682786971769906
1.0	25.060498202908565	18.99225117351658	23.252417159953318	32.69291881752934	0.0019146460922027121
2.0	27.024800526172427	20.299820659944828	21.649060227107476	31.025967952792115	3.506339831503762E-4
3.0	30.445904004535358	19.4636831774673	23.211835890008704	26.877538866854312	0.0010380611343267718
4.0	30.14824343447094	19.357653306404643	23.55834069664698	26.934876750309485	8.858121679588452E-4
5.0	31.259158006007283	20.129896972663097	21.375408857678774	27.23483950928959	6.966543612593001E-4
6.0	22.884735906174775	21.30131897431809	20.509402896162886	35.303674865596456	8.67357747793036E-4
7.0	25.625300345688203	22.76371643233244	21.662084434139498	29.948142156613066	7.566312267981802E-4
8.0	25.169771438315365	22.603112227234444	22.10368025428715	30.123126968625268	3.0911153777730537E-4
9.0	31.243688588303293	19.407157288499427	21.901055334471604	27.447651269036655	4.475196890208749E-4
10.0	26.881608066500874	22.460939374277046	24.04357660688173	26.613755998609275	1.1995373107776028E-4
11.0	24.996050754084518	22.55367283561024	23.44356343042573	29.006293141820745	4.19838058772161E-4
12.0	25.89212357965555	22.079560327130434	21.88748672204469	30.1407601670937	6.920407562178478E-5
13.0	26.89996560096081	21.040244292232387	21.726001318383776	30.33373803876757	5.0749655455975504E-5
14.0	26.686429505222232	21.096553341763315	22.28079193822346	29.93613755629521	8.765849578759405E-5
15.0	26.844357819396187	21.214956901547144	22.436782538280003	29.503796627860712	1.0611291595340332E-4
16.0	26.953672577248355	21.267021434439933	22.2447689100598	29.534140308218344	3.967700335648994E-4
17.0	27.16611524859211	21.13840796669937	22.24207456471559	29.45324074381648	1.6147617645083116E-4
18.0	26.82911908194427	21.303321278906083	22.34074112213209	29.52561436610174	0.0012041509158190551
19.0	26.959933239289608	21.280617728497095	22.472588727006716	29.282366653896208	0.004493651310374559
20.0	26.920975958319588	21.375473448149354	22.38141005057249	29.31241967713623	0.009720865822340035
21.0	27.14920638611519	21.281623494396133	22.340441237804395	29.215870764433756	0.012858117250527613
22.0	27.03594238234753	21.252668509155974	22.236487489010393	29.459169226294748	0.015732393191352407
23.0	27.140495899796928	21.2394597579223	22.31012062547197	29.30032280471754	0.009600912091262275
24.0	27.10932292162651	21.39834504502709	22.302536340208277	29.184346784248678	0.005448908889445007
25.0	27.361772486619905	21.367472190699466	22.227641649965822	29.041932482522654	0.0011811901921533444
26.0	27.60045734780448	21.044366696076473	22.126827867355846	29.227535977564322	8.121111988796187E-4
27.0	27.516384678429674	21.271755697080984	22.71607432393864	28.495531501677636	2.537988730684002E-4
28.0	26.80850044634847	22.06740932554494	23.18147609543661	27.942558754447795	5.537822218185765E-5
29.0	24.698169858593094	22.402728954596885	22.867396150950032	30.03168195919076	2.307666923356151E-5
30.0	26.454334047989715	20.201501526203593	20.399806901525594	32.944325211952716	3.231232838114589E-5
31.0	29.215972346267595	20.47737979481955	23.277808661837675	27.028760710883603	7.848619157805306E-5
32.0	28.56366539112275	20.496503933418353	23.047487092904625	27.892329729156373	1.3853397894477469E-5
33.0	31.72110253302092	18.81760789545653	20.876643654882365	28.584484230521905	1.6168611827662924E-4
34.0	25.391291803575815	21.599710742454672	21.618108373095072	31.389252297449787	0.0016367834246549058
35.0	25.16004266877966	22.733443448903415	20.73961472645497	31.366667522167113	2.3163369484558512E-4
36.0	24.194571508275878	22.39896575976486	22.72246687523042	30.683888508424715	1.07348304127827E-4
37.0	26.306531953451728	21.232700587754913	24.23625539853334	28.22378542769951	7.26632560510207E-4
38.0	30.078488614435173	23.499018820286985	23.314917965462012	23.106959921843696	6.146779721312691E-4
39.0	23.89556866478223	26.3969915719522	27.958007722488354	21.745366946254833	0.004065094522381919
