# Position (bp)	A	C	G	T	N
0.0	21.052052016104618	29.971210376351227	27.046510257610883	21.92390506862174	0.006322281311534014
1.0	23.35240942257001	22.983264898124688	23.32512134073273	30.338245536719267	9.588018533116841E-4
2.0	28.069226423556355	24.622996205817685	22.329019189867054	24.977729647861715	0.0010285328971888976
3.0	30.721702357920382	22.679266601421652	22.677017775256616	23.9220016435607	1.1621840646202232E-5
4.0	31.3737805928975	20.585080648019886	22.886210906888255	25.15474190274402	1.8594945033923572E-4
5.0	31.108233155972425	21.52616500526644	21.683728109827324	25.67594659020425	0.005927138729563138
6.0	27.771655004730672	20.663400232134645	18.36429217353872	33.20059448039274	5.810920323101116E-5
7.0	27.081108477214627	23.437266292048257	20.404419135174674	29.07716541912018	4.0676442261707814E-5
8.0	26.20985976041111	24.047471035177104	20.3344963309268	29.408114764281763	5.810920323101116E-5
9.0	33.368582376013265	20.455572666778934	19.9831157899092	26.19260713797182	1.2202932678512345E-4
10.0	29.776585221969604	23.228218433424694	22.647509921855903	24.347471418697843	2.1500405195474132E-4
11.0	27.36593073685143	23.386165058726903	22.068643472029542	27.178749371403693	5.113609884328982E-4
12.0	27.942443763946933	22.78498467485983	21.476638531352645	27.794346648592377	0.0015863812482066046
13.0	28.64402522915655	22.346068430095034	20.914327393526797	28.091825092692897	0.0037538545287233212
14.0	28.561388131241728	22.466156909492245	21.324857292513244	27.64118241071608	0.006415256036703632
15.0	28.54505363421349	22.76133422914481	21.23100511837484	27.44733010873743	0.015276909529432834
16.0	29.023362107848587	22.600342681593293	20.97483650685125	27.380376684774653	0.021082018932210848
17.0	28.988705779041613	22.480719075821934	21.17780614281685	27.32693946148342	0.025829540836184463
18.0	28.89337182022082	22.810541102440833	21.110829475172785	27.164018688384633	0.02123891378093458
19.0	29.076903927705644	22.44982822338433	21.354946237946262	27.104323103905415	0.013998507058350589
20.0	28.54902830371449	22.695909077227014	21.46602197992234	27.282427811808464	0.00661282732768907
21.0	28.863236387425218	22.62269148115594	21.283326644964042	27.228938290234318	0.0018071962204844472
22.0	28.88412083506644	22.549468074164544	21.178997381483082	27.386913970138142	4.99739147786696E-4
23.0	29.173684805686896	22.29340405920677	21.2590428089338	27.273060608247622	8.077179249110552E-4
24.0	28.875204297919755	22.844350045690096	21.151070775336937	27.128962290054375	4.125909988334135E-4
25.0	29.29191124565607	22.733867317354726	21.098505657170357	26.87551238168694	2.0339813191019726E-4
26.0	29.789579590403513	22.020114505320716	21.014278818375388	27.175899230110552	1.278557898273982E-4
27.0	29.6123124527236	22.445670825779036	21.658317348110355	26.283437836637752	2.6153674925512884E-4
28.0	28.346596187700467	23.675752737120213	22.603735298411898	25.373561227516927	3.5454925049450904E-4
29.0	25.85975709706933	24.509985712276166	22.246700977354713	27.38334695452923	2.09258770558221E-4
30.0	26.70632327704478	22.22429112234505	19.50411118810546	31.564745399329375	5.290131753347316E-4
31.0	29.498782605096025	22.591480782207185	22.550805989962	25.358453874169307	4.7674856548100846E-4
32.0	29.722612235005645	22.04855815184607	22.464945658778788	25.762936138990906	9.478153785894437E-4
33.0	34.875725784473026	20.80306480912059	20.88563938650311	23.43465110292719	9.18916976083848E-4
34.0	26.44544818184653	21.710945503101815	19.641666988584557	32.2011190176214	8.203088456986262E-4
35.0	26.146726721583008	24.09122661059677	18.82182135118901	30.93922906219832	9.962544328952726E-4
36.0	25.81624687976692	24.035301450755306	19.290701485700275	30.856806833651753	9.433501257468139E-4
37.0	29.20508582921467	23.490148199763254	19.631761306873173	27.67258490274128	4.197614076159111E-4
38.0	31.301200116037364	24.55045922010758	18.31174435745394	25.833979375570156	0.002616930830960559
39.0	23.76065814283117	28.087270199491098	25.22806140335897	22.921046868705943	0.0029633856128130766
