# Position (bp)	A	C	G	T	N
0.0	21.33178958257303	30.423404445320816	26.760513360791172	21.48068960853736	0.003603002777615752
1.0	23.80443024808584	23.014701593425396	23.482544793635178	29.697941384616417	3.819802371684321E-4
2.0	28.37912880631692	24.670493007438807	22.51112775535508	24.438517441785436	7.3298910375564E-4
3.0	31.005057108626406	22.881834413631946	22.80888651212297	23.304221965618684	0.0
4.0	31.793226870967594	20.764765729971977	23.058381549735117	24.38335743078028	2.6841854503727663E-4
5.0	31.587804093692522	21.827507016305912	21.69364875265386	24.888562427701206	0.002477709646497938
6.0	28.534006306803427	20.962548902503674	18.54944553503817	31.953999255654725	0.0
7.0	27.64668686344155	23.58042464846204	20.48080988069312	28.292078607403294	0.0
8.0	26.723626458428935	23.775915939570726	20.438967559037884	29.061469395382066	2.064758038748282E-5
9.0	33.52119190222545	20.42570148863893	20.233100858784486	25.819995426560943	1.032379019374141E-5
10.0	30.116509134231467	23.30064993421165	22.69672885545816	23.886101752308527	1.032379019374141E-5
11.0	27.85877880918177	23.53054009424588	22.276044728853396	26.334522806026822	1.1356169213115548E-4
12.0	28.388843492889233	23.155662624730745	21.422886707242604	27.032173575949287	4.335991881371392E-4
13.0	29.26296913238351	22.4418138279943	21.058601446466245	27.235500623815025	0.0011149693409240721
14.0	29.102330956968892	22.543833522688853	21.480204390398256	26.87185543803067	0.0017756919133235225
15.0	29.18342432894073	22.60574529248072	21.561844923250362	26.642140782429735	0.006844672898450553
16.0	29.358299011032518	22.650478275390203	21.374984320743643	26.605212584906724	0.011025807926915824
17.0	29.503864452764272	22.570644405821998	21.373972589304657	26.534752716834436	0.016765835274636046
18.0	29.244954118495432	22.718563671717927	21.398233496259948	26.62452839635921	0.013720317167482333
19.0	29.351444014343876	22.70130229451399	21.479543667825858	26.45788177505184	0.00982824826444182
20.0	29.26919437787034	22.82196675429844	21.429762351511634	26.474090125656012	0.004986390663577101
21.0	29.57576965146368	22.671827873510857	21.391739832228083	26.35937216902316	0.0012904737742176762
22.0	29.526525172239538	22.613797848831837	21.24001108775067	26.619511034325054	1.5485685290612112E-4
23.0	29.611335108681118	22.541655202957973	21.388312333883764	26.458170841177264	5.265132998808119E-4
24.0	29.636209205078806	22.769045854838215	21.343428475325002	26.251213222741864	1.0324201611422035E-4
25.0	29.947445768538785	22.624471716506562	21.214886325224196	26.21307229464234	1.2389508811728404E-4
26.0	30.304657596027244	22.086018538862724	21.239456042476494	26.369733596773955	1.3422585958240476E-4
27.0	30.09050395161007	22.29665264449139	22.136192700621397	25.476485493553724	1.6520972341827178E-4
28.0	28.998237939322497	23.74967420877652	22.65255806518633	24.599220001082184	3.097856324728039E-4
29.0	26.736481052969978	24.226616481767596	22.473749123628284	26.562988110260132	1.6523137400937336E-4
30.0	27.719630700995545	22.132977303842953	19.575342499708746	30.571626044271927	4.23451180829766E-4
31.0	30.16806188867043	22.36741001037572	22.704535723932487	24.759558548969114	4.338280522514901E-4
32.0	30.243150983525336	21.85882631500001	22.80156684720244	25.095794702438283	6.611518339318824E-4
33.0	35.04494868233054	20.858184851068614	21.1945095280626	22.9015509992201	8.059393181422726E-4
34.0	27.057291410965266	21.817608655545087	20.107016041553727	31.01727770580097	8.061861349421227E-4
35.0	26.792146257239853	24.09919017968532	19.245008864768316	29.862919805959436	7.348923470691613E-4
36.0	26.6662342805435	23.9228067925292	19.597783045994362	29.812540835503242	6.350454296925589E-4
37.0	30.16152895266155	23.11853035545447	20.03771324508857	26.681747986961252	4.7945983415803974E-4
38.0	32.21978311083003	23.9560265814938	18.41916873755472	25.403211250291495	0.0018103198299541947
39.0	24.585006840427155	27.117709410539444	25.585348945388166	22.709683086404297	0.002251717240941882
