# Position (bp)	A	C	G	T	N
0.0	20.526799624860935	30.05016365933093	26.7902900558669	22.626236861671288	0.00650979826994946
1.0	23.211695637316073	22.370635159788936	22.921286303384438	31.495366170011362	0.0010167294991849788
2.0	27.58756292804994	24.729938903427893	22.181550767692183	25.500033026649504	9.143741804750815E-4
3.0	30.247306826854103	22.638219257648263	22.556198528922064	24.558254915511828	2.0471063741979435E-5
4.0	30.393906937998334	21.073370203083872	22.84117620727416	25.691287351502908	2.5930014073173954E-4
5.0	29.86981358776409	21.909517625312937	21.82003860569674	26.39504840451259	0.005581776713646393
6.0	25.76442363856508	21.297910477581727	18.930206774120645	34.00745228604463	6.823687913993146E-6
7.0	25.49669624325956	23.993628859068465	20.838478394020484	29.671135090460265	6.141319122593831E-5
8.0	24.779888298958323	24.9650831889441	20.602876921414044	29.652076530116485	7.50605670539246E-5
9.0	32.03767194328805	21.16722320665293	20.34228710366656	26.452749509513314	6.823687913993146E-5
10.0	28.45550873595821	23.903112638889343	22.92547604776363	24.71576610363053	1.364737582798629E-4
11.0	26.02124678058404	23.91703296223389	22.3978275561262	27.663346806022748	5.458950331194516E-4
12.0	26.72382051189669	23.04866408567495	21.787066545696327	28.438940821703042	0.001508035028992485
13.0	27.245375450226927	22.63061084562416	21.125960365837017	28.994157012513007	0.0038963257988900864
14.0	27.103824868139053	22.882500461281303	21.627146595743984	28.38037310833724	0.006154966498421818
15.0	27.104145581471013	23.235599016078794	21.466742163949746	28.17864442253586	0.014868815964591066
16.0	27.58385084182473	23.162128368308828	21.2969210428342	27.936362559461614	0.020737187570625173
17.0	27.746588974885555	23.034013627723606	21.52652449376424	27.666751826291836	0.026121077334765763
18.0	27.64078769377909	23.512674863826483	21.420184141312575	27.40554787663209	0.020805424449765103
19.0	28.10445046384701	22.766511414119247	21.74689549494665	27.36861807764156	0.013524549445534413
20.0	26.991077072736147	23.113693831495304	21.89893408535833	27.989880743771067	0.0064142666391535565
21.0	27.175657830809662	23.01778689786413	21.851830167688036	27.9526438788244	0.0020812248137679094
22.0	27.194832393847978	22.97019167466403	21.659470405392568	28.174966454750216	5.390713452054585E-4
23.0	27.652319726353735	22.818542034463444	21.561953081413694	27.966161604582023	0.001023553187098972
24.0	27.49724449704633	23.291895245576868	21.536295938014696	27.674229946789726	3.3437257238688517E-4
25.0	27.919430303531573	23.39896727774791	21.342714992488585	27.33866222710472	2.2519912721007354E-4
26.0	28.534276810810272	22.570928352955903	21.350661631256234	27.54397624081197	1.5696416562694968E-4
27.0	28.111015395971982	22.962340180097645	22.204021027725798	26.72241864982869	2.047463758867736E-4
28.0	26.612092340856776	24.321917221059806	23.393251837906075	25.672445113987308	2.934861900414539E-4
29.0	24.315407773817437	25.310598710438743	22.893548466804738	27.48019931941112	2.457295279658633E-4
30.0	25.194187296876784	22.681732986800778	20.072219160905536	32.0514304844156	4.300710013090542E-4
31.0	28.20736303052155	22.870033319608048	23.28773174394008	25.6344622638012	4.0964212912588993E-4
32.0	28.13616614718302	22.861120228752615	22.71265991218431	26.289247975638908	8.057362411489363E-4
33.0	33.813089524787785	21.10085377155857	21.384406187914433	23.700789982850807	8.605328884059585E-4
34.0	25.659167660072058	22.005414773878982	20.165130859312686	32.169323418340234	9.632883960435218E-4
35.0	25.190068798792286	24.01180541601749	19.350576235466864	31.44669436242058	8.551873027809803E-4
36.0	24.26327453489984	24.112659371638824	19.86467749719067	31.758501167931367	8.874283393016902E-4
37.0	26.751389121367765	23.982961509026993	20.509955806616322	28.755194011916473	4.995510724482033E-4
38.0	29.879945079091403	24.73540545922663	18.72786140637099	26.654162596970348	0.002625458340628239
39.0	22.129434477091593	29.27254619347278	25.972048417375433	22.623425176819758	0.0025457352404358387
