# Position (bp)	A	C	G	T	N
0.0	16.517055165819805	31.436217028407082	30.835672187890196	21.206604437772043	0.0044511801108759975
1.0	18.620428615067112	24.32109028256011	27.679547289440816	29.377079872021827	0.001853940910139197
2.0	21.626192017998036	26.547940214251287	25.745904139431055	26.079426961214065	5.366671055666097E-4
3.0	24.610678148625908	24.322327199792724	27.914211438574345	23.152197757982766	5.854550242544833E-4
4.0	24.927564290136356	23.55138911831966	27.518033449685824	24.0023329808741	6.801609840603556E-4
5.0	25.216621228851725	24.59641485710363	26.091730126356115	24.09281161101955	0.002422176668974431
6.0	19.543200439251983	24.625277215823864	23.568837973944497	32.262061607547	6.227634326628573E-4
7.0	20.17376419914976	27.48418898350429	25.206088778170287	27.13542424194767	5.337972279967348E-4
8.0	19.832710818623394	26.749821751904136	25.926195588125733	27.491042251141153	2.2959020558999346E-4
9.0	26.007700111110182	23.919241415593515	25.61643248274371	24.45622133781524	4.0465273735236344E-4
10.0	22.029630797138342	27.478015876851487	27.094367773433035	23.39780475029023	1.8080228690211985E-4
11.0	20.31436811093064	26.530898881241367	27.403373231136612	25.75079441081012	5.653658812653588E-4
12.0	21.189359343454665	26.476368337536172	25.524871908754427	26.808304117023045	0.0010962932316922187
13.0	21.847826922964337	25.947739759042783	25.531627600553907	26.67054425391391	0.0022614635250614353
14.0	21.6421714963071	25.92369018500723	26.28732663213094	26.143405141879285	0.0034065446754415274
15.0	21.610901310305742	26.16114385513868	26.373709946984174	25.848375987941	0.005868899630394208
16.0	21.883907023772803	25.955738107830022	26.318467673641656	25.832746634695464	0.009140560060051614
17.0	21.931360449390684	26.018927072163528	26.083361563362363	25.956682297550515	0.0096686175329086
18.0	21.50515493148856	26.05145713441806	26.246706385006934	26.18846795948146	0.008213589604982016
19.0	21.837472404692228	26.16243530004513	26.321217016353593	25.670753525386303	0.008121753522746017
20.0	21.814926646503288	26.06572616569548	26.361960668213108	25.746776582212295	0.010609937375827572
21.0	21.852823379813486	25.961408985908097	26.725737739337745	25.445947405705294	0.014082489235376224
22.0	21.97552786519106	25.755340296880796	26.201227435157126	26.051147187640517	0.016757215130499648
23.0	22.109430612846285	26.040092419241358	26.133099411525862	25.70364232233707	0.013735234049421358
24.0	22.074955464901254	26.251185218109836	26.04223783414526	25.622575122745072	0.009046360098572032
25.0	22.454350195183302	25.992080730317657	26.082190500636337	25.467251233530856	0.004127340331844477
26.0	22.69127864535434	25.438304318563365	25.75387481684218	26.11400481899381	0.002537400246300046
27.0	22.606531788768173	25.798024631764182	26.530712889565365	25.063780540972893	9.501489293859649E-4
28.0	21.692646951802683	26.664667649524738	27.4883851984503	24.15394709475298	3.53105469302288E-4
29.0	19.91259091511236	26.944625753566935	26.905062179410876	26.23759482409685	1.263278129801713E-4
30.0	20.72400183819259	25.16433448063866	23.941493602408062	30.16991450302422	2.5557573646661146E-4
31.0	23.470005118438824	25.636195292466606	26.917729331750635	23.975806020560437	2.642367835007795E-4
32.0	23.257735114684913	25.0282783022757	27.265773294285612	24.4478225893979	3.906993558689105E-4
33.0	26.543908124645622	23.513808295258354	24.900758541005473	25.040984679690037	5.40359400510335E-4
34.0	20.27618522892186	26.042068527533647	24.34556039384333	29.33266771677517	0.0035181329259931825
35.0	20.13645800602132	27.74843626911101	23.57055341446606	28.54393817239102	6.141380105930445E-4
36.0	19.349652841620582	27.450011156318432	25.20944957013038	27.990418923532	4.6750839859963523E-4
37.0	21.748578081516396	26.226880273721164	27.15217720594132	24.871630832835848	7.336059852744191E-4
38.0	24.76045350828858	27.99447009620706	26.379448934000933	20.86378973815281	0.0018377233506208816
39.0	18.69378558604578	30.655112195558807	32.01238815278138	18.633232554410487	0.0054815112035459905
