# Position (bp)	A	C	G	T	N
0.0	19.908628824818607	29.063920143203113	29.079626281758813	21.94301665064327	0.004808099576198308
1.0	22.54823708496565	21.668203634227147	25.482370849656487	30.29932088173969	0.0018675494110246052
2.0	25.446407321024132	23.643785257646567	24.369777087814022	26.539418218991102	6.121145241790158E-4
3.0	28.387660817788362	22.123386397101353	25.073540759181878	24.414843119488282	5.689064401193206E-4
4.0	28.643498283954933	21.13599766061831	25.09348128997543	25.126345838801058	6.769266502685586E-4
5.0	29.116223528957374	22.03806963467637	23.418601526671235	25.424210368063022	0.0028949416319995805
6.0	22.980389939036034	22.240057825858987	21.21920682872083	33.55975009500378	5.953113803780232E-4
7.0	23.942134677629646	24.681043324481838	22.79448475692008	28.581782737223005	5.545037454327555E-4
8.0	23.411323364956292	24.651320963546997	23.158786516322056	28.778408325083987	1.6083009066664337E-4
9.0	29.83958446689542	21.458370775338583	22.859721762502875	25.841994133734445	3.288615286765693E-4
10.0	25.837898967545232	24.659892967334613	24.920348897597343	24.581652728898966	2.0643862384076613E-4
11.0	23.872531255107706	24.25835784171875	24.672356099136724	27.196207501638725	5.473023980894729E-4
12.0	24.699954062605297	23.85195940619706	23.339816386286607	28.10716353786928	0.0011066070417510834
13.0	25.45111220128841	23.218965775620756	23.05181770288494	28.27577108366667	0.002333236539223543
14.0	25.2576768103005	23.363064735959842	23.63453392675956	27.740881407947903	0.003843119032198448
15.0	25.271959482531344	23.57739843693796	23.62826635412179	27.51517677951474	0.007198946894168112
16.0	25.610722863804924	23.43022930218152	23.41361099296234	27.53464442183275	0.010792419218466099
17.0	25.700890933890168	23.434833363582992	23.417963007206797	27.434668116665957	0.011644578654087865
18.0	25.38019093220265	23.62894328077206	23.53428156994461	27.446588746968203	0.009995470112476165
19.0	25.67596467028595	23.530292023516434	23.65184596577281	27.132468376303333	0.00942896412147127
20.0	25.334483980614834	23.556512129193326	23.77070420367369	27.327636891551858	0.010662794966287012
21.0	25.48593551659141	23.36943552790953	23.81797624808411	27.313803103305418	0.012849604109530476
22.0	25.5672099227077	23.314993341994313	23.561478658411076	27.5406599473135	0.015658129573410666
23.0	25.752054106315075	23.35201546868613	23.45148767953889	27.431367499133618	0.013075246326286663
24.0	25.590655700558994	23.738070740242996	23.54997620671607	27.11257366849852	0.00872368398341943
25.0	25.904898543504444	23.653026813138865	23.401745463107662	27.036166365106638	0.004162815142391325
26.0	26.340800059386936	23.093509120201837	23.182030131475706	27.381185432972206	0.0024752559633141615
27.0	26.110167261468014	23.565245033824926	23.79243721932611	26.53114687815728	0.0010036072236670752
28.0	25.159508252601135	24.470604523551277	24.685204712742518	25.684298327446843	3.841836582294492E-4
29.0	23.02436990622681	24.888813902739475	24.2875303236448	27.799151391800724	1.3447558819021935E-4
30.0	24.153316630237317	22.675202146624184	21.654120451923106	31.517091789952147	2.68981263245526E-4
31.0	26.962880666217405	23.12810346215758	24.566380006252803	25.342299589916884	3.362754553313783E-4
32.0	26.77686297854594	22.756529355494155	24.477075006330086	25.989085830173096	4.468294567274499E-4
33.0	30.70837342290683	21.34366930900837	22.272468328265806	25.67488583917526	6.031006437294437E-4
34.0	23.602388837363307	23.514151865704438	22.067494325022256	30.812590378240273	0.0033745936697189517
35.0	23.383679647710657	25.276470949109044	21.23540020943221	30.10375604432912	6.931494189711098E-4
36.0	22.559237470726583	25.091492389026897	22.770308712072783	29.57840741636496	5.540118087738003E-4
37.0	24.506858014661866	24.734379310251832	23.85361420132726	26.904448255971513	7.002177875260631E-4
38.0	27.81958395354544	25.80881892031197	22.899150394956195	23.470500772548068	0.0019459586383256454
39.0	20.72537671488294	28.890742161004095	29.37513231530755	21.003195393592595	0.00555341521281803
