# Position (bp)	A	C	G	T	N
0.0	18.21926619699134	27.856018060427928	30.773626469516806	23.14821564086466	0.0028736321992590586
1.0	20.477178892190256	21.72689788074882	26.942505278108897	30.850916662388343	0.002501286563684333
2.0	22.22219642572721	23.354722910891294	25.248494716108794	29.174305592911804	2.8035436090332276E-4
3.0	25.275071433415054	22.16470187905758	27.23215951882781	25.326993937161724	0.0010732315378330325
4.0	25.363891199378735	21.9326604595043	27.079248117639494	25.623271549656977	9.286738204922567E-4
5.0	26.31429686337789	22.82547520502227	25.12673331273897	25.732745547052836	7.490718080385656E-4
6.0	18.455035453437258	23.574231614404816	23.6610801387684	34.30854451755658	0.0011082758329459478
7.0	20.447548940672284	26.04301897490881	24.923892552088525	28.584584575288552	9.549570418269432E-4
8.0	20.23701157670767	25.270844215317055	25.852413053789665	28.63944203875093	2.891154346815516E-4
9.0	26.190450324448843	22.378581592668592	25.501155322799136	25.929256431898505	5.563281849175312E-4
10.0	21.862541205520248	25.92039898630872	26.94440643111877	25.272526341482475	1.2703556978431812E-4
11.0	20.267005112787437	24.99540919734021	26.918727723874785	27.81842867338244	4.29292615133213E-4
12.0	21.176702447476046	24.903308409246577	24.988487949055408	28.931352255967735	1.4893825422989022E-4
13.0	21.89062920805325	24.322054969429985	25.021994675720244	28.765150305857844	1.7084093867546232E-4
14.0	21.802545372286936	24.33993194047446	25.654688760225707	28.20261928070533	2.146463075666065E-4
15.0	21.756151106094325	24.50875345164404	25.797559970864175	27.937167506298778	3.6796509868561116E-4
16.0	22.103216663281973	24.29673984674779	25.661566203141618	27.937609940524577	8.673463040446548E-4
17.0	22.202155469459512	24.40558304683162	25.3703043053844	28.02127381456977	6.833637547018493E-4
18.0	21.72594730424388	24.321161339904606	25.71259069682602	28.238377603331173	0.0019230556943212298
19.0	22.002832279931024	24.533564812583986	25.839074318962314	27.61814614627524	0.006382442247439708
20.0	21.98426756459496	24.47474734377385	25.903652193781635	27.6232319496035	0.014100948246059312
21.0	22.01260963826753	24.320885366080592	26.176073402378776	27.46902829003289	0.02140330324021305
22.0	22.07745472583709	24.228548028994947	25.608149936315755	28.059178600271277	0.02666870858092858
23.0	22.213019200944515	24.57518867410435	25.529703281705494	27.661653638657924	0.02043520458771876
24.0	22.152376953824206	24.747552095991797	25.522786679308844	27.563011876489558	0.014272394385595764
25.0	22.440649515434142	24.589306137930578	25.503054392192798	27.461443722679824	0.005546231762655977
26.0	22.735089826382655	24.11696711020171	25.11754305121862	28.026903884618328	0.0034961275786898147
27.0	22.666016944533578	24.500050735809438	25.73196263110475	27.10076482261131	0.0012048659409196834
28.0	21.9366003141026	25.161701320877544	26.60081317196086	26.300556569687284	3.2862337172048664E-4
29.0	20.19909446584028	25.096456539539975	26.08248983068539	28.621862757788936	9.64061454185039E-5
30.0	21.356102352765756	23.24918829112523	23.463551841151823	31.931100536014068	5.6978943124758556E-5
31.0	24.267624265138707	23.87135984255158	26.229452071008204	25.631388473362982	1.7534793853072806E-4
32.0	23.730985766541966	23.460626004170226	26.31084278480289	26.497457753601594	8.769088332254443E-5
33.0	26.432335869122987	21.72886972942682	23.749054424984017	28.089415371995624	3.2460447054927244E-4
34.0	20.61111650346705	25.063668944055394	24.06024296155973	30.259545578482506	0.005426012435314227
35.0	20.456564335885226	26.53621112443612	23.443534472518856	29.56344370604544	2.4636111436170913E-4
36.0	19.28200471218936	26.106102321547603	25.944872293217934	28.666852323607667	1.6834943743377332E-4
37.0	20.9510703819467	25.076596216153487	28.15690806249007	25.8144654388482	9.599005615463563E-4
38.0	24.714093868542257	27.086640869497238	27.580260689438557	20.617934534723204	0.0010700377987437391
39.0	18.66051376606133	30.2722339537641	31.98567038321344	19.07496970281249	0.006612194148640131
