# Position (bp)	A	C	G	T	N
0.0	23.139456976216927	23.68250302782481	29.3290332793043	23.846705634746485	0.002301081907474424
1.0	24.40889334754437	20.012026864388986	24.499526283319412	31.077465829629563	0.0020876751176683284
2.0	26.428352520923376	20.784466657926266	23.114794574160204	29.672098611751718	2.87635238434303E-4
3.0	29.401851387408573	19.87536301190838	24.745909061428588	25.97594868364661	9.278556078525904E-4
4.0	29.21027704005525	19.746660160543144	25.084752650860274	25.95751219271858	7.979558227532278E-4
5.0	30.64500160936555	20.50699143839795	22.70107303717481	26.146293694692268	6.402203694182873E-4
6.0	22.75155766079807	21.64488572020013	21.813310070137533	33.7893650860368	8.81462827459961E-4
7.0	25.076040086702537	23.231110553160605	22.8072846686057	28.884794571376638	7.701201545176501E-4
8.0	24.64435526514912	23.085761972190497	23.232882757371602	29.036758762830733	2.4124245804167354E-4
9.0	30.47877627721876	19.9692434423109	22.98665771471576	26.564784409502025	5.381562525545025E-4
10.0	26.162902310072827	23.08197632131046	25.166904986379546	25.58808648245207	1.2989978509936266E-4
11.0	24.53624152972214	23.12170709843871	24.285980315172136	28.05561640741917	4.5464924784776933E-4
12.0	25.468532287380263	22.48337027590436	22.97803793611881	29.070003829260095	5.5671336471155425E-5
13.0	26.218573646543987	21.75707274174559	22.85922602553329	29.165081193396748	4.6392780392629525E-5
14.0	26.030784950070696	21.794363258625182	23.372385848012243	28.802373157731093	9.278556078525905E-5
15.0	26.108502135784427	21.925524927351226	23.48474916212319	28.481158824848603	6.494989254968133E-5
16.0	26.286928769174484	21.960727769113152	23.3051719877794	28.446781774577666	3.89699355298088E-4
17.0	26.513056459364236	21.829835178513388	23.215893721191826	28.441019791252902	1.94849677649044E-4
18.0	26.228093445080553	21.961349432370415	23.33669124277815	28.47281740293401	0.0010484768368734273
19.0	26.337153593227548	21.96787225729362	23.418537385946827	28.27253049142295	0.003906272109059406
20.0	26.3067106507339	22.065631124136967	23.32990861828475	28.289037042686648	0.008712564157735825
21.0	26.447522017781612	22.026642631495	23.27547132977204	28.238608090399858	0.01175593055149232
22.0	26.3617139311674	22.001933836657887	23.199312941479498	28.421952358511533	0.01508693218368312
23.0	26.388482565453952	21.999243055395116	23.305580244246855	28.297731049732228	0.008963085171856025
24.0	26.363835945701737	22.22817416168742	23.32106901822815	28.081938071085393	0.00498280329729817
25.0	26.550883199850638	22.24983257633494	23.195747285797232	28.002608997515253	9.279405019397204E-4
26.0	26.778909315043553	21.94222549575218	23.060636883874988	28.217495194645064	7.331106842159136E-4
27.0	26.705666643558455	22.13064008535746	23.410537956348872	27.752997547838405	1.5776689681144747E-4
28.0	26.219237837135484	22.697965585729403	23.912377257624414	27.170382195162695	3.712434800363819E-5
29.0	24.27711407006313	23.097774127663808	23.620780427204423	29.004322093020235	9.282048406996288E-6
30.0	26.127732175566642	20.92126337976116	21.332421320055666	31.618564557570977	1.8567045555081785E-5
31.0	28.535474053932997	21.22706907994796	23.977553854444718	26.25983801605132	6.49956230090448E-5
32.0	27.93657020431904	21.236315802720025	23.694881162700657	27.132223543157767	9.287102508529972E-6
33.0	30.60651104866967	19.7672596064108	21.59798742951762	28.02816758772594	7.432767597518607E-5
34.0	24.772695739442344	22.859910346728505	22.634159079318707	29.731663242642252	0.001571591868193101
35.0	24.61862364566944	24.04993247683469	21.99710151734225	29.334090755756243	2.5160439737392104E-4
36.0	23.703241524068787	23.870458867266375	24.201709981868667	28.224514498258284	7.512853788502086E-5
37.0	25.68352356174488	22.582502428837284	25.879574374446747	25.85363851579062	7.611191804731117E-4
38.0	28.995125854611064	24.6985960192705	25.368667612938545	20.93718467147958	4.2584170031622617E-4
39.0	22.209206845358604	29.117549106882322	27.812910508651097	20.856649815969	0.0036837231389765636
