# Position (bp)	A	C	G	T	N
0.0	18.213711091031392	30.788845785972114	30.151902751421044	20.840746852351888	0.004793519223563761
1.0	21.310675880311596	22.54673187528448	26.529887310236333	29.610681345795527	0.0020235883720662426
2.0	23.998152558712082	25.290476621232195	25.528267490580888	25.182523695796654	5.796336781837399E-4
3.0	26.76193313781896	23.203195228086237	26.359651976654714	23.674552822235096	6.668352049901433E-4
4.0	26.627501725243736	22.639191141207153	26.10290246947799	24.62967371009642	7.30953974700734E-4
5.0	26.703007988454928	23.614458146511545	24.746369870969694	24.93338636895997	0.002777625103862789
6.0	20.744268621943757	23.816591285648787	22.59780119298357	32.84066949946811	6.69399955778567E-4
7.0	21.781561560315385	26.25027817928239	24.335312132607463	27.632289012122886	5.591156718763509E-4
8.0	21.30376900643837	26.418820777343647	24.447802102187723	27.8293542037022	2.539103280539392E-4
9.0	27.509288693811662	23.27424651917794	24.30016478780291	24.91591015708765	3.898421198403914E-4
10.0	23.51995220945971	26.547448158884666	26.15686482606642	23.77554757878164	1.8722680755492487E-4
11.0	21.745919218608663	25.86837909263375	26.29340959329131	26.091632954513656	6.591409526248723E-4
12.0	22.70845480099932	25.39743442336182	24.692599870690398	27.200400367857075	0.001110537091387431
13.0	23.33193545866195	24.709198937793072	24.42690451276365	27.529560484043365	0.002400606737964516
14.0	23.111415621122497	24.783484379628977	25.175460372125336	26.92610540053675	0.003534226586447759
15.0	23.140186995467033	25.12216998024347	25.09541450001863	26.63562942049225	0.006599103778613996
16.0	23.545627929602617	24.925386911250875	24.954499397450274	26.56456017614503	0.009925585551199441
17.0	23.685955704240428	24.96416850792263	24.85912913938274	26.479925964877843	0.010820683576359286
18.0	23.323792374908706	25.303210608896716	24.97516615930339	26.388772157106477	0.009058699784712255
19.0	23.765927198574268	25.021975425942912	25.10510156374651	26.09831669506829	0.008679116668025557
20.0	23.057017256900032	25.078805173912798	25.19313663455915	26.660440819619463	0.010600115008554853
21.0	23.14091281994016	24.83874450011635	25.43744966516281	26.569404990384367	0.013488024396319858
22.0	23.21473917138493	24.740830009266702	25.149156288039258	26.879055047323114	0.016219483985991025
23.0	23.555366288346264	24.967669392748828	24.901963042300203	26.561374755665813	0.013626520938894736
24.0	23.544712347608122	25.196876567624393	25.01425177209045	26.235118100291743	0.00904121238528625
25.0	23.877977787047183	25.24825141444067	24.76645896348343	26.103123160721818	0.004188674306897523
26.0	24.396772732483498	24.510758135549104	24.506248586116453	26.583681038491264	0.0025395073596847155
27.0	23.95208547029815	25.105807255468264	25.302995690647574	25.63804441055942	0.0010671730265860763
28.0	22.882048835482184	25.894852646219057	26.473727656647828	24.74898603617134	3.8482547959260217E-4
29.0	20.981531915212422	26.24454531874828	25.983169108550406	26.790622805176966	1.3085231192173861E-4
30.0	21.94255567152565	24.102389547038776	23.141613170382165	30.813241461069225	2.0014998418686823E-4
31.0	24.860890695291292	24.39981118373238	26.07585711259911	24.66317923407045	2.6177430676453293E-4
32.0	24.592073242867723	24.338123354033847	25.834835522162496	25.234603397636317	3.6448329961905594E-4
33.0	28.532384406102622	22.771912163369137	23.70887750801035	24.986238011820546	5.879106973406464E-4
34.0	21.837942367438238	24.936707934284268	23.42975313263014	29.792024304728493	0.003572260918862039
35.0	21.639058552693733	26.429232309446622	22.561766684784594	29.369381892675108	5.605603999459599E-4
36.0	20.57816928688631	26.346738560545695	23.98642637914971	29.08818526383012	4.8050958816840727E-4
37.0	21.92920610953017	26.222882756363212	25.472274284748874	26.374889788764	7.470605937415856E-4
38.0	25.73355656472898	27.013552774508238	24.261136010844194	22.989893001420615	0.0018616484979776418
39.0	18.815427061478974	30.329801549583514	30.997196923883365	19.852003399155187	0.005571065898964348
