# Position (bp)	A	C	G	T	N
0.0	21.118680909087097	29.539417287968906	27.019928082340815	22.317968816981832	0.004004903621343736
1.0	23.365576422019103	22.845459444133837	23.99418725107608	29.79435759683228	4.192859386966366E-4
2.0	26.85390530875277	24.756579210848923	22.863980316115573	25.52481225749188	7.229067908562701E-4
3.0	30.252825083593326	23.027024713725297	23.18826184435788	23.5318883583235	0.0
4.0	31.145889674881346	20.868352745549387	23.39362520550433	24.591944418299317	1.8795576562263022E-4
5.0	30.99357321404793	22.051490915736395	22.011037051720077	24.941946970160288	0.001951848335311929
6.0	27.852239586925275	21.06071824259624	18.860855045477344	32.22618712500114	0.0
7.0	27.037509175494446	23.7945348535774	20.812703380789273	28.355223673867254	2.8916271634250804E-5
8.0	26.03039880888094	23.962480559229128	20.761796284577176	29.245309889176944	1.4458135817125402E-5
9.0	32.96987025702662	20.57556103711678	20.58608655999165	25.868467687729137	1.4458135817125402E-5
10.0	29.44554061210831	23.492128484826402	23.113065079973012	23.949207990549006	5.783254326850161E-5
11.0	27.224770950597847	23.739738518830492	22.65533495813864	26.380025449210663	1.301232223541286E-4
12.0	27.776869324910603	23.288933844052522	21.737691535961503	27.19608600913667	4.192859386966366E-4
13.0	28.662545808796068	22.602895299529923	21.41235456380455	27.32104767700409	0.001156650865370032
14.0	28.497838725567377	22.72398218699835	21.822531876936395	26.95360861334766	0.0020385971502146815
15.0	28.55499173645247	22.81521302400441	21.925343680731977	26.697685151248727	0.006766407562414689
16.0	28.750438452033713	22.79476338626952	21.76055154880199	26.682824449444492	0.011422163450291468
17.0	28.913357797422307	22.774953515339217	21.720828887288796	26.573957601362586	0.016902198587097652
18.0	28.666174097615425	22.829592314766085	21.81272158377819	26.677356668189677	0.014155335650624918
19.0	28.72749408614278	22.90328457654469	21.906503218642097	26.45250984678917	0.010208271881271725
20.0	28.72125130426132	22.980910935435883	21.79592735004176	26.497080883866953	0.0048295263940847264
21.0	28.999055469887825	22.85049991266133	21.797852047137432	26.351305626345507	0.0012869439679056417
22.0	28.956746027098028	22.73339935977775	21.633016461349875	26.676679086752763	1.590650215872925E-4
23.0	29.05439496088389	22.719564390288554	21.744723673899497	26.481013295241297	3.0367968676452573E-4
24.0	29.040651784459236	22.91177748302078	21.756638250832548	26.290773405463312	1.5907622412046757E-4
25.0	29.38797970682494	22.77840928811912	21.646390846088877	26.18703215207155	1.8800689551444472E-4
26.0	29.767270595208018	22.19940329798698	21.63514111761081	26.398069287606525	1.1570158767164873E-4
27.0	29.55516086294974	22.4594877609937	22.55721757140626	25.427873461807703	2.603428425967174E-4
28.0	28.467779052891235	23.930122110997743	23.055245455805167	24.54659302187329	2.6035843256123556E-4
29.0	26.18624569920432	24.360068364298098	22.941950378744867	26.5115185741574	2.169835953169154E-4
30.0	27.118185525773836	22.27805501274792	19.921508738218318	30.68178776746367	4.629557962572049E-4
31.0	29.60987710196899	22.465577178568648	23.193548844508484	24.730620677161813	3.7619779206622006E-4
32.0	29.683365949289293	21.92880484071629	23.298602634331164	25.088517480710088	7.090949531686197E-4
33.0	34.60324091404279	20.968232696389183	21.711918044068163	22.71581220150028	7.961439995784778E-4
34.0	26.502121259479622	21.84919714264733	20.513204154079435	31.134637369710667	8.400740829468872E-4
35.0	26.275836722394452	24.238321274575352	19.63233827653868	29.852603783071828	8.999434196862914E-4
36.0	26.3403023358063	24.014750154469088	19.902133061058745	29.742098705381075	7.157432847942531E-4
37.0	30.83550414912598	23.11960214215998	20.26437336629423	25.780221999758048	2.9834266176251E-4
38.0	31.750668084638146	24.110022513845163	18.634621790487817	25.502453916176776	0.002233694852097919
39.0	24.990932719613575	26.987693217021334	25.1939496327149	22.825154695654188	0.0022697349960023126
