# Position (bp)	A	C	G	T	N
0.0	20.455181660791688	28.466390862286044	29.411762083825888	21.66003645977008	0.006628933326303226
1.0	20.45361516934282	25.676590581030784	24.342933251417293	29.52601407397049	8.469242386151094E-4
2.0	25.64123626995716	26.388630990906453	22.396153715857807	25.57299837416018	9.806491183964425E-4
3.0	28.30475568973892	24.357038042308517	23.668495004165848	23.66969852808388	1.2735702836317436E-5
4.0	29.543939575712606	21.971379819158113	23.913523558885178	24.570864125078863	2.92921165235301E-4
5.0	29.768476384568306	22.615367000927925	22.74531574481829	24.864797778689653	0.006043090995832624
6.0	27.601069900923875	21.44612759493129	19.30117415538729	31.65157103809478	5.731066276342846E-5
7.0	26.582353766749677	24.000514777108645	21.09690825530805	28.32014678661661	7.641421701790461E-5
8.0	25.75012652920768	24.380388953458905	21.03669385229794	28.83270788296704	8.278206843606333E-5
9.0	32.00864830636803	21.363415572860827	20.753057014430315	25.874770852866718	1.0825347410869819E-4
10.0	28.91070132713665	23.926361147344185	23.24083010292231	23.92188454779722	2.2287479963555514E-4
11.0	26.82290572192204	24.248122311652327	22.713718466081385	26.214635818756683	6.176815875613956E-4
12.0	27.416090185077778	23.623168637771393	22.140325285133283	26.818823929163	0.0015919628545396796
13.0	27.91271891717998	23.310526236694056	21.76630953208773	27.00640809623912	0.004037217799112627
14.0	27.755662229802514	23.381355848018234	22.128398299427072	26.72833039265955	0.006253230092631862
15.0	27.64766346975054	23.638820816557228	22.1702096118387	26.52892749335133	0.014378608502202385
16.0	28.012923427096126	23.545519057578367	21.886356267022858	26.535008791455667	0.020192456846981295
17.0	28.079314645981846	23.51034941419588	21.889342789337977	26.49610121929072	0.02489193119358243
18.0	28.03015483303366	23.620570554392785	21.898818152248197	26.43020669281561	0.020249767509744724
19.0	28.173450593496487	23.52676573515189	22.018158055675908	26.26828496695467	0.013340648721042514
20.0	28.010185250986318	23.644609193496336	21.962216480967385	26.376500233954864	0.006488840595103733
21.0	28.17749417914702	23.645405174923606	21.90351125874338	26.271800020937498	0.0017893662485025997
22.0	28.197349139868837	23.451357638658056	21.760833179868115	26.589988820600052	4.712210049437451E-4
23.0	28.216490901231822	23.42060091630835	21.948684796703795	26.413427404328765	7.959814272698398E-4
24.0	28.12961431425356	23.77127858172358	21.87150329427053	26.227221721368032	3.820883843029686E-4
25.0	28.438138478133695	23.684068744237337	21.740923572213074	26.136614466929785	2.5473848610700877E-4
26.0	28.798938905007642	23.156222622070377	21.72762171499873	26.31714033218194	7.642574131058428E-5
27.0	28.75307449205159	23.36160472227712	22.302375055260764	25.582646378049805	2.993523607213781E-4
28.0	27.634125727026515	24.59904023040891	23.141416996185775	24.625047605343724	3.694410350769613E-4
29.0	25.27792879045029	25.438499818381338	22.899577938868344	26.383789601118025	2.0385118201196782E-4
30.0	26.28112510288994	23.228510632794077	20.09648956312608	30.39344781824267	4.2688294723045034E-4
31.0	28.70131555117581	23.54430166792481	22.928011040224863	24.825912920838157	4.5881983636190536E-4
32.0	28.771557500467367	23.194953620137994	22.924363260466915	25.10818865845681	9.369604709125083E-4
33.0	33.350500906510355	22.14115749572442	21.275169586907637	23.232247423222084	9.245876355086798E-4
34.0	25.89114814785266	23.004699180635228	20.11298457807102	30.9903830350803	7.8505836079176E-4
35.0	25.632183033136595	25.447039341611248	19.451927339752203	29.467769294521624	0.0010809909783307363
36.0	25.550861289654332	25.21091797975479	19.780696751934357	29.456621331650627	9.026470058973153E-4
37.0	29.34958190801976	23.606064504107337	20.509203528954643	26.534653779820417	4.962790978360643E-4
38.0	30.498456878048103	25.329817024500922	19.97737233700974	24.191651433351563	0.0027023270896709335
39.0	23.543024469216533	30.19312740415487	23.4415906074857	22.819623685654545	0.0026338334883519235
