# Position (bp)	A	C	G	T	N
0.0	13.420483781579623	32.59787599295302	36.034743780948816	17.944204263333617	0.002692181184920181
1.0	16.159789401592327	25.184279238889967	32.121737279162296	26.532025691744128	0.0021683886112850827
2.0	17.123060841041905	27.783996954118024	31.229335538143367	23.863280000360458	3.2666633624554495E-4
3.0	19.171838883657223	25.673721157615383	32.68790636165793	22.46541279360545	0.001120803464014887
4.0	19.19709920293414	25.74163396248519	32.12889014549043	22.931638873744586	7.378153456580412E-4
5.0	19.942850287691662	26.639814318348737	30.685740225917936	22.730834823983166	7.603440585025616E-4
6.0	14.462121348658865	27.202637886986963	28.462218222124097	29.872312887775472	7.096544546023908E-4
7.0	15.348158728299216	30.20113071609767	29.524813124326954	24.92518777682156	7.096544546023908E-4
8.0	15.16376684584503	29.276687513235615	30.0430636346023	25.516256719188608	2.252871284452034E-4
9.0	19.58713317623311	27.03665196292675	30.014367686616595	23.36136280689739	4.843673261571874E-4
10.0	15.959717534998354	30.662935536341067	30.726415816958713	22.65080720378122	1.239079206448619E-4
11.0	14.904917567439702	28.719693249045907	31.94320286204768	24.431848390774043	3.379306926678051E-4
12.0	15.840501218803366	29.302787027065996	29.573165374269507	25.283456265009757	9.011485137808137E-5
13.0	16.33083302168614	29.049333375386933	29.55814435498042	25.061604765273344	8.448267316695128E-5
14.0	16.260988379689913	29.122855829755025	30.064494072695652	24.55146459162202	1.9712623738955297E-4
15.0	16.11982346500615	29.37380879430835	30.14273066022646	24.36332167847922	3.154019798232848E-4
16.0	16.607660212941393	28.780081463825645	30.043750760344057	24.567775379721454	7.321831674469111E-4
17.0	16.75647925781408	28.8161386687333	29.552326314888326	24.87465024173309	4.0551683120136617E-4
18.0	16.11295220758857	28.857298627100242	29.98531691140358	25.04266938212752	0.0017628717800837166
19.0	16.38819112458829	29.30169438449304	30.038952144508173	24.2648374102794	0.006324936131099085
20.0	16.302767877660077	29.033011322931074	30.379524328757	24.27122430037082	0.013472170281023165
21.0	16.246823451488922	28.81893222912602	30.628866490341938	24.28440359738487	0.020974231658248438
22.0	16.416284429505403	28.671763412469193	29.95729682480321	24.928792370876682	0.02586296234550935
23.0	16.46933954825425	29.58005916039993	29.626226125196563	24.304775185974524	0.019599980174732697
24.0	16.509652297404603	29.623672429624026	29.601858150750694	24.25080934748327	0.014007774737409138
25.0	16.678835893095332	29.49310736254252	29.549089746932474	24.273576601830403	0.0053903955992742735
26.0	17.307604565693264	28.684182332570913	28.961666296214894	25.043274137280154	0.0032726682407769056
27.0	16.928029758715716	29.328401562404675	29.82164812952675	23.920929132934805	9.914164180474065E-4
28.0	16.300245109775492	29.641134727002015	31.050237082162756	23.00801127583835	3.71805221384659E-4
29.0	15.402457192704997	29.258673177235035	30.237230262154192	25.101594297513714	4.5070392065087055E-5
30.0	15.849534692140798	28.023241813312634	27.69753842566949	28.42956674806575	1.1832081132918387E-4
31.0	18.253686625440274	28.5187413615078	29.70111908818885	23.5263007730047	1.521518583743453E-4
32.0	17.766372842710844	27.99478408608591	30.11986265759459	24.118924054595876	5.635901277269942E-5
33.0	19.509587064504707	26.70017151132952	27.513090231463917	26.27680171025436	3.4948244749773106E-4
34.0	15.257567693133483	30.483747107564763	27.584743278048162	26.66914938723224	0.004792534021353276
35.0	15.455210728144495	31.76726686535398	27.20703002979971	25.57031178265009	1.8059405171728295E-4
36.0	14.329910139680365	31.21219171114973	29.786206711857176	24.67149327138931	1.981659234217797E-4
37.0	14.667386489837627	31.113661687883322	31.923185574401796	22.29498667684228	7.795710349746749E-4
38.0	18.19363803452412	31.380447199321022	31.78262693015277	18.64212011060741	0.001167725394675207
39.0	12.841100481095829	34.90848283812673	35.72906413555147	16.514846895616486	0.006505649609481662
