# Position (bp)	A	C	G	T	N
0.0	13.529687107864923	33.143333923173955	34.934150673081405	18.390030657818805	0.002797638060912222
1.0	16.52858459849094	24.845046848122863	31.71872357479286	26.90539044859842	0.0022545299949112037
2.0	17.617478379562566	27.595889202418018	30.62578805927658	24.160528598239345	3.157605034889641E-4
3.0	19.951548445302638	25.442863578958374	32.15411310263366	22.45051496117472	9.59911930606451E-4
4.0	19.877761530847337	25.416945956832006	31.546135198795866	23.158260553694884	8.967598299086581E-4
5.0	20.46714114102963	26.534788660863494	30.174812592983574	22.822626084116322	6.315210069779282E-4
6.0	14.488190746625815	27.073191895362527	27.909919338347862	30.527883357564793	8.146620990015274E-4
7.0	15.643773146034306	30.100779385335553	29.112246922692865	25.14235430778793	8.462381493504238E-4
8.0	15.508823422053194	29.054431174504032	29.7293881963419	25.70712985953836	2.2734756251205417E-4
9.0	20.26315354056569	26.69304782521216	29.582439573228207	23.460929626709195	4.2943428474499117E-4
10.0	16.53200744234876	30.38401024175508	30.299885328415556	22.783907531178507	1.8945630209337848E-4
11.0	15.408916798749287	28.446990063522172	31.494716758407726	24.648927999405863	4.4837991495432904E-4
12.0	16.26596658773917	28.934707422001154	29.22101378572467	25.57817958512354	1.3261941146536493E-4
13.0	16.778932156077133	28.71344772199637	29.12118926015167	25.386298242363363	1.3261941146536493E-4
14.0	16.741659786245293	28.66378491000762	29.7734178409484	24.820922745656304	2.1471714237249559E-4
15.0	16.62307277155498	28.872357352982224	29.810683895570172	24.693519697708577	3.662821840471984E-4
16.0	17.07711111473183	28.41111335511576	29.70079292514594	24.810313192739073	6.694122673966039E-4
17.0	17.20964842846629	28.56891150912933	29.222586273032046	24.99837383340703	4.799559653032255E-4
18.0	16.519143359436622	28.47397495615034	29.707834384373744	25.297474812731917	0.0015724873073750412
19.0	16.89601615077084	28.901224178211187	29.787166053270315	24.40977730927339	0.005816308474266719
20.0	16.766794322323015	28.707227240077636	30.017443873254745	24.49520947109737	0.013325093247234285
21.0	16.658160078702675	28.4631380556706	30.399602495417366	24.4587580785746	0.020341291634759066
22.0	16.90180088319476	28.23872706584099	29.778451063374018	25.055968549243417	0.025052438346814414
23.0	17.083899965556846	29.025791696837583	29.43132291146846	24.439957698196867	0.019027727940244977
24.0	17.068443838159926	28.957765336314235	29.59665027803829	24.36375807984641	0.013382467641142719
25.0	17.39296427494153	28.928451610979998	29.362522414370662	24.31105967616192	0.005002023545889019
26.0	17.94080942166275	27.9798615028309	28.946288561727467	25.130046758789685	0.0029937549891969023
27.0	17.60278826984814	28.714995590982927	29.676237738141715	24.005005707625923	9.72693401292179E-4
28.0	16.847862338705806	29.1718694335027	31.020268682586167	22.959715298534803	2.8424667052399927E-4
29.0	15.915442501877882	28.680764889294387	30.10813996965443	25.29553893330121	1.1370587209340155E-4
30.0	16.304522246074576	27.408600493023506	27.502966101159526	28.783841666424493	6.949331790160504E-5
31.0	18.99609814800879	27.78070850019654	29.79248147436968	23.430528641456306	1.8323596868990137E-4
32.0	18.474029326496105	27.474528165844685	30.16285139453213	23.888477367139316	1.1374598776826202E-4
33.0	20.444625906921758	25.977904906850025	27.637719855151648	25.939420676125398	3.2865495117103863E-4
34.0	15.793145439484135	29.470959891226073	27.42406463215622	27.306766109312186	0.0050639278213901445
35.0	15.88187315149149	31.02164391982492	26.86025998674747	26.236026767551767	1.9617438434624601E-4
36.0	14.697063242608454	30.412501980966468	29.244830185459097	25.645363319409004	2.412715569786909E-4
37.0	15.123676280247755	30.36925161841223	31.55857864701048	22.9476190920311	8.743622984303447E-4
38.0	19.04037202759759	30.613022295404956	31.163300517106162	19.18213859821517	0.0011665616761158163
39.0	13.394429635918453	33.7328070553198	36.48578974878564	16.3806389260725	0.006334633903602999
