# Position (bp)	A	C	G	T	N
0.0	20.650329633752797	29.636471291064982	27.357496308486535	22.351790790146328	0.003911976549358204
1.0	21.804661086906215	24.518263294587083	24.266073416528034	29.410438612136808	5.635898418566903E-4
2.0	27.312011293014336	25.59556527729615	21.88120984836781	25.210434501246198	7.790800755077778E-4
3.0	30.039471180336154	23.582322905153134	23.199628826360623	23.178560511978276	1.657617181931442E-5
4.0	30.876186605259687	21.346794068913113	23.60493280351468	24.171804727391592	2.8179492092834517E-4
5.0	30.679543478967158	22.553539377359204	22.321008839077862	24.44370367374381	0.0022046308519688184
6.0	27.72465851428435	21.57579388259694	19.153749961045996	31.54579764207271	0.0
7.0	26.776004201064985	24.275289768059576	21.06543012845207	27.88327590242337	0.0
8.0	25.848816030351635	24.487547648205897	21.021387239928153	28.642232505342502	1.657617181931442E-5
9.0	32.62467436110461	21.109290679085976	20.880622388838535	25.385412570970878	0.0
10.0	29.149281025123507	23.973222188996207	23.387105329637066	23.49034172772776	4.972851545794327E-5
11.0	26.898817058074286	24.30025348281946	22.899368050025558	25.90144537587796	1.1603320273520097E-4
12.0	27.50824001501138	23.803797136830994	22.00374091045618	26.68377438106232	4.4755663912148945E-4
13.0	28.321317818920573	23.17602435768992	21.693302364624063	26.808244855253555	0.0011106035118940664
14.0	28.175828758862448	23.25162827735781	22.12973639245479	26.440734549847534	0.002072021477414303
15.0	28.24259757895065	23.3476540407071	22.220640118711913	26.183008230400834	0.006100031229507708
16.0	28.445042365379937	23.340227915732047	22.010769207307572	26.19371643739611	0.010244074184336314
17.0	28.58678521060689	23.30099211703573	21.983866080444827	26.111432320485033	0.016924271427520027
18.0	28.37512407264607	23.347538007504365	22.096600624987982	26.16741005271886	0.013327242142728795
19.0	28.43405236346373	23.357599743798687	22.17447548019512	26.02374437156086	0.010128040981601113
20.0	28.374179230852363	23.51424456749121	22.124746964737177	25.982154756466198	0.004674480453046667
21.0	28.658145630289045	23.42551231974242	22.047435699371896	25.867414495132905	0.001491855463738298
22.0	28.593714050427366	23.2789955370315	21.88997864326023	26.23714600756271	1.6576171819314423E-4
23.0	28.688347415343834	23.269149290970827	22.002000412415153	26.040088476974706	4.144042954828606E-4
24.0	28.69288715524502	23.459293637191426	21.985263511417884	25.86243965819197	1.160379536938942E-4
25.0	29.02247031195449	23.361989421483877	21.86852747227972	25.746946483769012	6.631051290187072E-5
26.0	29.408679151504924	22.782097125898744	21.85423074608461	25.954926662447985	6.631406373743078E-5
27.0	29.229089855237778	22.934567687952644	22.836814972479694	24.999378268855114	1.4921547477213967E-4
28.0	28.15300321748134	24.40701263365066	23.328621656194585	24.111014298351133	3.4819432227705825E-4
29.0	25.904395924926504	24.903602792264742	23.177183647770168	26.014602064798094	2.1557024049513498E-4
30.0	26.930536876966432	22.831844933794457	20.14992293889958	30.087380139846037	3.151104934945439E-4
31.0	29.27174978075345	23.008953486886924	23.346295434048464	24.37263637119126	3.6492711990725543E-4
32.0	29.26358933111146	22.57417305794231	23.433405388132808	24.728069035897494	7.631869159235134E-4
33.0	34.146584357317685	21.553174294798946	21.833543488511783	22.465984156119763	7.137032518145904E-4
34.0	26.18171421698548	22.45379115072004	20.742242152943145	30.621538136442155	7.143429091830941E-4
35.0	26.00863506248226	24.80795018399658	19.86758572010045	29.3149300679801	8.989654406054366E-4
36.0	26.024256641433794	24.439315362008283	20.196928131868834	29.338577099621883	9.227650672016243E-4
37.0	30.44713659231461	22.708262503066322	20.901640966935357	25.942495147678418	4.647900052934417E-4
38.0	31.49030102278613	24.716051330653098	19.993532977145353	23.79796937558455	0.0021452938308615744
39.0	25.037956642008464	27.80009442040055	25.036359034470628	22.123489677480734	0.002100225639626411
