# Position (bp)	A	C	G	T	N
0.0	20.498402724646287	30.347553699284006	27.308662399652857	21.83924329972251	0.00613787669433945
1.0	22.745769623124854	23.14750316885727	24.28115472016992	29.824716039937115	8.564479108380628E-4
2.0	26.38730287423919	25.211399892658527	23.218873828093773	25.18161453753716	8.088674713470593E-4
3.0	29.89295828527709	23.30178274390685	23.77398292052544	23.031252260070875	2.3790219745501744E-5
4.0	30.883630615919273	21.13011632465847	23.812963195578448	24.173075751866104	2.141119777095157E-4
5.0	30.54729638426724	22.231448862446854	22.544397308089057	24.671254848446782	0.005602596750065661
6.0	27.333463703737536	21.206245027844073	19.124458058794197	32.33574994385508	8.326576910925611E-5
7.0	26.494037695127382	24.09756559439388	21.212406694758158	28.195942435281086	4.758043949100349E-5
8.0	25.547627068321706	24.428808719020374	21.192898714566848	28.830629812761455	3.568532961825262E-5
9.0	32.92849516392413	20.923070042213364	20.77731926094255	25.370996581821224	1.1895109872750872E-4
10.0	29.139212753080358	23.892957809472694	23.505688717345542	23.46191471301382	2.2600708758226655E-4
11.0	26.645985828641898	24.06849394586488	23.16500087548009	26.11998407006886	5.352799442737893E-4
12.0	27.258952735494628	23.71396019610754	22.268609185689325	26.75693151842505	0.0015463642834576134
13.0	28.144852938377625	23.027017600956174	21.93005056849109	26.89404644992825	0.004032442246862546
14.0	28.094881581802195	23.12069159120409	22.323481327532328	26.454129601504306	0.00681589795708625
15.0	28.03463285029671	23.327642712770206	22.341811691846235	26.28036583648316	0.01554690860368539
16.0	28.296646336349873	23.32226710332062	22.14014441174417	26.21988740589749	0.021054742687848453
17.0	28.310183819400958	23.14424817332087	22.337373693155975	26.18196464835832	0.02622966576387448
18.0	28.16167205009641	23.310447065557934	22.310286591649575	26.19599157827219	0.02160271442389213
19.0	28.212995758585553	23.255237410479317	22.481828202610515	26.035925092057514	0.014013536267103237
20.0	28.189736487938966	23.379847591343896	22.36432918432925	26.059781680911136	0.00630505547675558
21.0	28.37555051667075	23.34031269108966	22.398884571733124	25.883420139095424	0.0018320814110357922
22.0	28.583927180121314	22.97656762405885	22.225060308676206	26.21390952383955	5.353633040814789E-4
23.0	28.64830246783223	22.86552267272607	22.372210829184823	26.113190702313833	7.733279430392811E-4
24.0	28.341520605321936	23.46919350532474	22.27077581739068	25.918153137996857	3.5693396578859323E-4
25.0	28.859416552928902	23.122476148979477	22.2179679214884	25.799925207330727	2.1416927249196774E-4
26.0	29.148580952388887	22.65281151920238	22.280473568372358	25.917991174167465	1.427858689109115E-4
27.0	29.250817611380064	22.952270820115025	22.927948339241013	24.868677642404318	2.855868595774171E-4
28.0	27.928392033801185	24.370270805777047	23.616348664892353	24.08465529131271	3.332042166993623E-4
29.0	25.565344888528152	25.00055340211388	23.37059970937463	26.063263977568766	2.3802241457078014E-4
30.0	26.36100188144683	22.743320161499483	20.465278099313778	30.42992375301925	4.7610472066162367E-4
31.0	28.983007891620773	22.97708843203127	23.812962409419804	24.226524621540165	4.166453879914942E-4
32.0	29.095667368007977	22.53899921230068	23.838691180910818	24.525856444418622	7.857943619016414E-4
33.0	34.171295336380304	21.345480715718836	22.056052327796397	22.426290327901437	8.812922030292396E-4
34.0	25.93087879515149	22.394834702027982	20.7782004443918	30.89519231754637	8.937408823534319E-4
35.0	25.654755521075494	24.791055545988083	19.809004311095368	29.74418143049831	0.001003191342745338
36.0	25.682632648614558	24.526018235905838	20.28313978509614	29.507392104904834	8.172254786387475E-4
37.0	30.163534187956575	23.87990836941439	20.55373480043057	25.40247905204458	3.4359015388421305E-4
38.0	31.138724985234173	24.971304265106024	18.94191178802159	24.945369218455635	0.002689743182580631
39.0	24.539895577699255	27.45418667062519	25.81956250705465	22.183684269122868	0.0026709754980374107
