# Position (bp)	A	C	G	T	N
0.0	22.453242604624847	26.07010384316692	26.746804460984837	24.72646685532078	0.003382235902613816
1.0	24.02757895429975	21.150471228634746	23.428900159782998	31.391780166831317	0.001269490451185431
2.0	27.574254189911763	22.350386230373903	21.507230301073598	28.567576324542216	5.5295409851997E-4
3.0	30.522381957605425	21.086015212550603	22.87987664331334	25.511187056284573	5.391302460569707E-4
4.0	30.715973491472674	20.06328743975594	23.256042100634836	25.964067982849482	6.289852870664658E-4
5.0	31.22491474772587	20.944765392059086	21.55388580313622	26.275093143389917	0.0013409136889109272
6.0	25.49370218689429	21.161475015195293	19.7106133157199	33.63372795132972	4.815308607944739E-4
7.0	26.54178981703233	23.070173492343578	21.186222015079473	29.201406871896964	4.0780364765847783E-4
8.0	25.886230477581158	23.065047147055218	21.38236174575074	29.666194743383333	1.65886229555991E-4
9.0	32.04460699144564	19.95802341120102	21.194378088032643	26.802735768050134	2.557412705654861E-4
10.0	28.286505148313694	22.799578492306598	23.403987273669262	25.50981619091533	1.1289479511449387E-4
11.0	26.258679622565513	22.989437586008844	22.89264527503833	27.858921871756078	3.1564463123848283E-4
12.0	27.014908863603065	22.52498379095699	21.679406383500254	28.7803092861199	3.916758197849788E-4
13.0	27.9077500226308	21.692228006659686	21.456508282411445	28.94254141067484	9.722776232309472E-4
14.0	27.722597950692208	21.754981384915475	21.9150823322157	28.606029674143457	0.001308658033163929
15.0	27.831806385149903	21.865694315316222	22.049281987951083	28.250003265885145	0.0032140456976473258
16.0	27.98068006027476	21.887142022412565	21.859240880191415	28.267057291873666	0.0058797452475956805
17.0	28.151273311594405	21.803307269150707	21.85465827309993	28.18295988541501	0.007801260739952576
18.0	27.87295538598143	21.926786527301037	21.92159106275036	28.272128341752172	0.006538682214998645
19.0	27.990209302572588	21.912776052829788	22.04162126971117	28.048741797876335	0.006651577010113139
20.0	27.95001414756101	22.017199130359874	21.94684954517567	28.078813284934185	0.007123891969265613
21.0	28.1742024748797	21.927643606153744	21.92680265512891	27.96426193149954	0.007089332338108115
22.0	28.10474452817936	21.855372505477185	21.78253232287423	28.249047116089788	0.00830352737944155
23.0	28.19071967459757	21.84499309625288	21.888505975855583	28.06986234046439	0.005918912829574179
24.0	28.157981789669112	22.01598640613322	21.872463537438026	27.950439288501677	0.003128978257955871
25.0	28.449972339887026	21.960694159153764	21.784848285985476	27.803263967066677	0.0012212479070575963
26.0	28.730031469599222	21.544024394032085	21.70272736833829	28.022368754460715	8.480135696919214E-4
27.0	28.59832578321685	21.742256786555014	22.47405946639698	27.18497541107598	3.825527551772063E-4
28.0	27.74756435879239	22.819440731610907	22.950293290098088	26.48245962431331	2.419951853098874E-4
29.0	25.618735180888503	23.233727636823097	22.7237751384235	28.423676759818434	8.528404646892585E-5
30.0	26.967770976923394	21.127422295756688	20.10103972822894	31.803527242865886	2.3975622509172002E-4
31.0	29.51736004493653	21.381159533873678	22.986504584534377	26.11469914525646	2.766913989579387E-4
32.0	29.146558617058492	21.199603416302413	22.896935978116403	26.756509925085904	3.920634367865743E-4
33.0	33.05523827620732	19.83401230357619	21.117266177937907	25.992961824140288	5.214181382866888E-4
34.0	26.21760135883514	21.672906430195066	20.959465333214087	31.14879377310787	0.0012331046478415923
35.0	25.973545620897998	23.26401061647601	20.16300277683892	30.598802397980506	6.385878065637942E-4
36.0	25.41037528221091	22.946917272996807	21.322887328761702	30.319370224285485	4.498917450902183E-4
37.0	28.48647928101176	21.57149077687424	22.418842277167993	27.522657516527854	5.301484181541349E-4
38.0	31.09981909487558	23.566762070801346	21.400122848896817	23.931834983665567	0.0014610017606870478
39.0	24.829434506280535	26.713955560149994	26.09573741464471	22.357335747927735	0.0035367709970293855
