# Position (bp)	A	C	G	T	N
0.0	19.31660401239232	28.08789194778881	30.34777495116395	22.24478615686867	0.002942931786252022
1.0	22.226608196340514	20.373527572078654	26.833337181446222	30.56406513245904	0.0024619176755718993
2.0	23.7528878338063	22.52470138644009	25.647256960186727	28.074856465389374	2.9735417751134845E-4
3.0	26.893818146580916	21.384798519805887	26.589314350242642	25.131085090871437	9.838924991184322E-4
4.0	26.774098107288186	21.299256719504754	26.492285058407354	25.433476797978273	8.833168214307704E-4
5.0	27.81586097677699	22.158273582635076	24.436631900715888	25.588665068650336	5.68471221712872E-4
6.0	19.586702181250317	23.083578563072667	23.123284091481537	34.20546439026301	9.7077393246352E-4
7.0	21.858781078758977	25.243913509814785	24.35956469447383	28.53678743444215	9.532825102569699E-4
8.0	21.55019303533547	24.76922254826233	25.059357141257927	28.62101300522224	2.1426992203023637E-4
9.0	27.537826075092774	21.791670864607994	24.77935882743103	25.89069382874638	4.504041218186601E-4
10.0	23.14833618093687	25.29586740662379	26.46193306802344	25.09370592161604	1.5742279985894917E-4
11.0	21.516561403287827	24.51186688048181	26.37498320823468	27.59618183242938	4.0667556630228534E-4
12.0	22.484842808086913	24.309316211329964	24.49047049826765	28.715186822382304	1.8365993316877402E-4
13.0	23.318658904673146	23.521183336691685	24.358729479063467	28.80129709390515	1.311856665491243E-4
14.0	23.077154838267315	23.67127285779054	25.046391624547322	28.204944545195037	2.3613419978842375E-4
15.0	23.114332856167337	23.7958730038789	25.15833672666924	27.93114694054036	3.1047274416626084E-4
16.0	23.379410986852047	23.674333856676686	24.87387372732412	28.071554959447887	8.264696992594832E-4
17.0	23.5533981635406	23.76062341527715	24.80305533166535	27.882380855428497	5.422340884030471E-4
18.0	23.08975303511158	23.80383597383843	25.06187590605567	28.04264601139601	0.00188907359830739
19.0	23.435510350724005	23.950339753384938	25.106360965582482	27.501194664136708	0.006594266171869316
20.0	23.23349316994946	23.869354468568613	25.204365404205774	27.678352161100193	0.014434796175955313
21.0	23.279801710241298	23.548570531011592	25.4382300919629	27.711730167525843	0.0216674992583637
22.0	23.381802938838796	23.482299905126524	25.058360130192153	28.050613354211094	0.026923671631431945
23.0	23.50540607386138	23.73763968649774	24.838768442955576	27.897611511314853	0.020574285370454328
24.0	23.440383321139905	24.008241387015904	25.07778940514293	27.459098082825804	0.01448780387545474
25.0	23.697287372777062	23.993163668785606	24.81559280368603	27.488367229639355	0.005588925111945776
26.0	24.13264453985477	23.519196868075184	24.501865962193214	27.842898897881163	0.0033937319956722917
27.0	23.877319712298053	24.024577693892773	25.075230809501225	27.02173465703695	0.0011371272710017021
28.0	23.123747715215842	24.682846371966143	25.999669337770154	26.19342165863848	3.1491640937558637E-4
29.0	21.2348998713697	24.676835343811465	25.571136772628282	28.517040529414267	8.74827762816522E-5
30.0	22.521685718859015	22.54508528417567	22.995683307334545	31.937484445675935	6.124395483888268E-5
31.0	25.408104597422593	23.04112483986215	25.880893270935374	25.669627905281605	2.493864982762362E-4
32.0	24.9128558289442	22.848923571867616	25.718930386224333	26.51921582520031	7.438776354545384E-5
33.0	28.003555521321093	21.263010980363667	23.070650449451332	27.662459183061642	3.238658022659227E-4
34.0	21.779901253867237	24.43561614941741	23.562211206261953	30.21697417995132	0.0052972105020831824
35.0	21.592618593922374	25.76441084740152	22.752665422031583	29.889998302770344	3.0683387417917556E-4
36.0	20.362388135354255	25.479247189765598	25.09602209559781	29.06212675722648	2.1582205586012158E-4
37.0	21.28405865058898	25.26108475901985	26.726444276293055	26.727516113816176	8.962002819383037E-4
38.0	25.595979641110432	26.41946762648844	25.92508041696154	22.058145168332985	0.001327147106601891
39.0	18.771721036132924	29.195426563653438	32.19515178839554	19.830874954284873	0.006825657533221548
