# Position (bp)	A	C	G	T	N
0.0	21.7696300834085	28.061328573687504	26.50854706007661	23.65687200334799	0.003622279479399523
1.0	23.074400640187655	23.270577218812836	23.45382338706365	30.20077721667574	4.2153726011956563E-4
2.0	28.30633975373793	24.359452076066106	21.201275316866127	26.132148597962175	7.842553676643082E-4
3.0	30.80569298813941	22.642437685274203	22.350204528898292	24.201659896092046	4.901596047901925E-6
4.0	31.501528464695618	20.676034989161103	22.770187983070674	25.052008384866266	2.4017820634719437E-4
5.0	31.367852137277236	21.66166752885741	21.590609090950977	25.377866490130785	0.002004752783591888
6.0	28.367026414407004	20.872231174170473	18.688957360917946	32.07177524731248	9.80319209580385E-6
7.0	27.64617319162231	23.265455050942776	20.52591380700201	28.56243344245267	2.450798023950963E-5
8.0	26.778816164561874	23.423629555408574	20.468820016236048	29.328714657409314	1.96063841916077E-5
9.0	33.11208999251918	20.37810617817753	20.27913805237434	26.23062166256452	4.411436443111733E-5
10.0	29.95026154426352	23.011704325138943	22.591363054455066	24.446617158585944	5.391755652692118E-5
11.0	27.73618610144598	23.31310836772048	22.165816288768315	26.78477160376007	1.1763830514964622E-4
12.0	28.342993888984143	22.851809360460333	21.288783511109322	27.516021111762367	3.921276838321541E-4
13.0	29.12073503550079	22.239825487495587	21.002745972137955	27.63559064575489	0.0011028591107779334
14.0	28.967579765388045	22.308065507674478	21.37015000550449	27.352562686756936	0.001642034676047145
15.0	29.038657809678668	22.394750233781625	21.475990168966838	27.084533611665563	0.006068175907302584
16.0	29.21619361853368	22.398495053162222	21.29261655921878	27.082558268458257	0.010136500627061182
17.0	29.345360477587988	22.360551798155413	21.293302782665485	26.98502140870106	0.01576353289005259
18.0	29.12680321140809	22.43454629209454	21.315340358496854	27.110762052117888	0.01254808588262893
19.0	29.226325217564693	22.437060810867113	21.430037706017757	26.89721421709894	0.009362048451492678
20.0	29.185690986327582	22.547023216605744	21.34040221908978	26.922065309061804	0.004818268915087593
21.0	29.420173538067118	22.451270537809982	21.32945695511481	26.797853963611924	0.0012450053961670891
22.0	29.381583272381988	22.34595974672081	21.145544169801482	27.12677556640638	1.3724468934125394E-4
23.0	29.46065091823069	22.330318753731955	21.29041084099722	26.918281276912825	3.382101273052329E-4
24.0	29.424362105996266	22.509765414374737	21.255020938632686	26.810728995388754	1.2254560755367203E-4
25.0	29.751861646731665	22.43361580529215	21.169122039817843	26.64526325020845	1.3725794989467169E-4
26.0	30.08435465526708	21.909654678798336	21.105802415875754	26.90012942191544	5.88281433837948E-5
27.0	29.90502531128746	22.077053230380763	22.071665242289836	25.946079721436604	1.764946053443351E-4
28.0	28.870904200851697	23.47774499043796	22.56640294335902	25.084555626676053	3.922386752727101E-4
29.0	26.698933031813592	23.98112170502294	22.42497994099025	26.89481821704763	1.4710512558879438E-4
30.0	27.61555854301162	21.942136228127254	19.620063202154892	30.821781026445528	4.610002607103602E-4
31.0	29.971271304025965	22.19681597030804	22.54675090166824	25.28466150352287	5.003204748845743E-4
32.0	29.9089398994309	21.796777498991553	22.602255568199112	25.691222433500556	8.045998778774381E-4
33.0	34.66673040451382	20.73658832833721	21.236138613326858	23.359713211098672	8.294427234462256E-4
34.0	27.204574100098377	21.595128892663155	20.109110273614185	31.090415528668615	7.712049556746268E-4
35.0	26.949813532400103	23.662611200005983	19.40912807048447	29.977546518219032	9.006788904049497E-4
36.0	26.82947195178169	23.354260785202648	19.664810042677843	30.15068866120917	7.685591286503026E-4
37.0	30.967046834545194	21.77725384734322	20.31593086475138	26.939458605669138	3.0984769106580086E-4
38.0	32.362779174002846	23.477220883145606	19.186295883444103	24.971448736667192	0.002255322740255909
39.0	25.955560900681924	26.914872181149146	23.99587932955236	23.131498548376207	0.0021890402403618933
