# Position (bp)	A	C	G	T	N
0.0	22.054585132920252	25.25162456959422	27.49375867273348	25.1975279985485	0.0025036262035397425
1.0	24.608223043699933	19.236343327228	23.591477129323952	32.56192927205294	0.00202722769517388
2.0	26.46874166936119	20.890550990351407	22.072576778714918	30.567877158110583	2.53403461896735E-4
3.0	30.21320353670144	19.793151822122933	23.847951841178876	26.144881908918688	8.108910780695521E-4
4.0	29.922752488675396	19.656395041806505	24.19126285135657	26.228758454806506	8.311633550212909E-4
5.0	31.035903216095377	20.57657396492288	21.74002021146012	26.646803213966784	6.993935548349887E-4
6.0	21.764894295279905	21.962488178728503	20.831244444129098	35.44063314375376	7.399381087384664E-4
7.0	24.551997883574288	23.679164863278697	22.014364935448004	29.75369183503637	7.80482662641944E-4
8.0	24.249535511454344	23.267455190665835	22.77755534585011	29.70519041242934	2.6353960037260447E-4
9.0	31.128496841072444	19.6205232477404	22.489182206211627	26.761351714882586	4.4599009293825367E-4
10.0	26.330961139058694	22.98293378364818	24.62153179351875	26.06441110555876	1.6217821561391042E-4
11.0	24.389211499651825	22.994164625079442	23.865193412726327	28.751014880864894	4.1558167751064545E-4
12.0	25.324574358205055	22.475944409362143	22.20894838576927	29.99043148527878	1.0136138475869402E-4
13.0	26.163410770052575	21.59089734220313	22.201052333896566	30.044578737016874	6.0816830855216416E-5
14.0	26.02178864326773	21.626485324391908	22.79834456586412	29.553269968953007	1.1149752323456342E-4
15.0	26.182152490094456	21.68797114038653	23.01142646890385	29.118358675368878	9.122524628282461E-5
16.0	26.321514257999183	21.76982045857918	22.827698822890238	29.080621831823215	3.446287081795597E-4
17.0	26.50291059216335	21.65855606652956	22.832594577774085	29.005817129871303	1.2163366171043283E-4
18.0	26.131644112069203	21.809594665958485	22.958971952291225	29.098299257325134	0.0014900123559528021
19.0	26.30688781017851	21.800441732914777	23.09933719790506	28.788386823425427	0.004946435576224269
20.0	26.27773627592191	21.894880135094454	22.96575302893158	28.85076461960593	0.010865940446131999
21.0	26.48274981273484	21.802144604178725	22.963827162621165	28.737006737491242	0.014271682974024117
22.0	26.37882398494175	21.772435582305953	22.860509503136626	28.970695410052414	0.017535519563254068
23.0	26.503680938687513	21.734120978867164	22.89085710173338	28.860272317496293	0.011068663215649387
24.0	26.500342212476646	21.883605995043595	22.906280004411457	28.70376076915092	0.00601101891737596
25.0	26.758670745825047	21.86308260295719	22.87284663216007	28.503980828766583	0.0014191902911164771
26.0	27.05718099490493	21.43095884031196	22.753503843530147	28.757606136672077	7.501845808886017E-4
27.0	26.990950818023425	21.64002305839195	23.257577769860944	28.11125572733999	1.9262638369107432E-4
28.0	26.28863784346524	22.452243926604396	23.734864290889508	27.524233661099224	2.0277941634811712E-5
29.0	23.954688737557063	22.93038504980623	23.416649437092314	29.698276775544397	0.0
30.0	25.760843218925167	20.615954265129595	20.754611163340705	32.86858121093556	1.0141668973896359E-5
31.0	28.827752251771123	20.91501477952235	24.0040723946559	26.253120000227213	4.0573823412374186E-5
32.0	28.242492039975087	20.857999527009703	23.843256169900712	27.056221826158517	3.0436955983799017E-5
33.0	31.496112622944977	19.101003392821127	21.3750167093421	28.027775925413355	9.134947844015285E-5
34.0	24.808161849619374	22.049112151369954	22.130113360038436	31.0106620266476	0.00195061232463919
35.0	24.38257999109383	23.403125466408127	21.21585078034852	30.998240146049756	2.0361609976211529E-4
36.0	23.26246914053999	23.00316810621903	23.385563256903897	30.34872767348016	7.182285692650911E-5
37.0	25.33854622920011	21.658203865897885	25.51811439223306	27.484356840294822	7.786723741247169E-4
38.0	29.86895740113423	23.65498655369948	24.14730719151536	22.328050811542695	6.980421082267753E-4
39.0	22.59946441709109	27.008839390672613	29.781130358587593	20.606712166291345	0.0038536673573624316
