# Position (bp)	A	C	G	T	N
0.0	20.801521484913348	28.457097758869143	29.893872226246	20.84396489783837	0.0035436321331430783
1.0	23.307382508150752	22.585924661098087	25.056910571712933	29.048475444473286	0.0013068145649373795
2.0	25.656089058370355	24.30112278621203	24.719086980775714	25.323188069536645	5.131051052514865E-4
3.0	28.344174549377467	22.74839458231561	25.239030815008135	23.66791099999535	4.890533034428231E-4
4.0	28.63875300066271	21.593475163067207	25.52782079932475	24.23944594910735	5.05087837981932E-4
5.0	29.458791166061815	22.356133746618116	23.493054400846365	24.69080206184873	0.0012186246249722803
6.0	24.431363293005944	22.54445935477995	21.447897623986638	31.57591895120034	3.607770271299514E-4
7.0	25.010546715093103	24.57235495520833	22.77469121895975	27.642086420048045	3.2069069078217907E-4
8.0	24.396720681134198	24.543420637632508	23.051102542612174	28.008627862344802	1.2827627631287162E-4
9.0	30.24474792829805	21.405999385235948	22.91262028506516	25.436399900650024	2.3250075081707977E-4
10.0	26.553165144962616	24.333448407842877	25.096732338240805	24.016549884479197	1.0422447450420818E-4
11.0	24.899106700046293	24.41888040786725	24.358766937880127	26.322989401653707	2.5655255262574324E-4
12.0	25.62349886691962	23.926443817636674	23.43485705773667	27.014791377076293	4.088806307472782E-4
13.0	26.282734702693272	23.297689632021864	23.2469884338092	27.17155300399789	0.0010342274777725275
14.0	26.09397616209888	23.432940930859246	23.69237168243476	26.779228030162244	0.0014831944448675779
15.0	26.14135019439468	23.544789826536803	23.750392645664526	26.55986758039996	0.0035997530040299598
16.0	26.329972441445488	23.52613364560055	23.610980385114246	26.52680437018032	0.00610915765940051
17.0	26.49183305035052	23.432852740919284	23.5216439759296	26.54554072378927	0.008129509011328239
18.0	26.2341420457725	23.58548547519706	23.624232927910818	26.549236684000533	0.006902867119086404
19.0	26.35517872974097	23.554538823536582	23.64327393767601	26.440145728263705	0.0068627807827386315
20.0	26.29915406606132	23.680401902401314	23.549287513475022	26.46440597902138	0.0067505390409648685
21.0	26.492217879179464	23.54272137158126	23.55974202999452	26.39837576578933	0.0069429534554341765
22.0	26.406713723749665	23.560591860325093	23.46331033927632	26.560941894214086	0.008442182434840862
23.0	26.451041194483025	23.568152143360283	23.514717057008703	26.46006062016128	0.006028984986704965
24.0	26.421300827061987	23.77435609126177	23.571795898476804	26.229227838684988	0.0033193445144464448
25.0	26.638259732930887	23.70994330079301	23.45163648971187	26.19883747101315	0.0013230055510907459
26.0	26.92972040984179	23.34185265957178	23.34833176313969	26.379277260808216	8.179066385231943E-4
27.0	26.849084554519393	23.42655590206582	23.861269510649077	25.862753225749152	3.3680701655623E-4
28.0	26.141110351636666	24.348662446811726	24.455117185623493	25.054885461710334	2.2455421777380316E-4
29.0	24.11170940757742	24.928721481374065	24.205549698780686	26.75393920689073	8.020537709680918E-5
30.0	25.516322339473025	22.87922208370025	21.594165627751867	30.010025240375555	2.6470869930647926E-4
31.0	27.839193407850388	23.04397143752687	24.418151564470662	24.69847500422587	2.085859262101614E-4
32.0	27.504860722410225	22.833504290401926	24.418053259010872	25.243172522427688	4.0920574929263575E-4
33.0	31.021796060344197	21.614073400196972	22.451604971244183	24.91202800722651	4.97560988136862E-4
34.0	24.535603609542655	23.682837155949862	22.41405123550709	29.366263705590868	0.0012442934095236932
35.0	24.283443305261255	25.518951305465777	21.690680518230987	28.506281729010176	6.431420318078754E-4
36.0	23.452486744377367	25.495224047123415	23.047965019108904	28.003871496266374	4.52693123939051E-4
37.0	25.25921890171718	24.76165895463092	24.309338500471757	25.669303692459494	4.7995072064600705E-4
38.0	28.54747041678661	25.322580457410464	22.863530668944225	23.264971702651767	0.0014467542069367375
39.0	20.794010751769687	29.818732657880453	28.460217832176504	20.923723606224012	0.0033151519493437895
