# Position (bp)	A	C	G	T	N
0.0	21.97169512375908	25.81353205601586	29.33060550952283	22.880826650676713	0.003340660025520076
1.0	22.63145027491707	22.67298169029607	24.618176077528975	30.07609052043038	0.0013014368275002766
2.0	26.11207891473	23.38662732417027	22.90499488246628	27.595840626229407	4.5825240404939315E-4
3.0	28.77156048920277	22.039823508669105	24.34017725661241	24.847962163015502	4.765825002113689E-4
4.0	29.245883805062178	20.859200344972407	24.65310407576562	25.241202298502408	6.09475697385693E-4
5.0	30.12489898398568	21.612434404032438	22.84954175905226	25.411850911246365	0.001273941683257313
6.0	25.2066179895688	21.664542284896896	20.798541474248392	32.32983083383378	4.6741745213038107E-4
7.0	25.897667197399326	23.60861853626392	22.118528359064587	28.374796392728722	3.8951454344198427E-4
8.0	25.28568485936348	23.637158495988114	22.29853448589923	28.778493848076035	1.2831067313383008E-4
9.0	31.002030745528547	20.693826217399064	22.09804447660358	26.205805278930217	2.9328153859161163E-4
10.0	27.425398227067273	23.470450853918987	24.312200947345193	24.791853738663693	9.623300485037257E-5
11.0	25.670433577803355	23.647574573132157	23.619295817278267	27.06239816772359	2.978640626321056E-4
12.0	26.42381427763268	23.07044233042427	22.650573147738054	27.854799059757717	3.711844472800085E-4
13.0	27.07011972073182	22.50401486387498	22.475447409006538	27.94955649186705	8.615145196128591E-4
14.0	26.888784661925435	22.57815093780209	22.886215698948334	27.645538099448565	0.0013106018755812646
15.0	26.922672427204887	22.718229532671906	22.983172742597105	27.37287333651513	0.0030519610109689586
16.0	27.145222707231476	22.70628289249834	22.77573562685607	27.36718184165684	0.005576931757281116
17.0	27.30070316540139	22.61946697455118	22.708180057451106	27.364519395189312	0.007130407407008557
18.0	27.098471796970358	22.71455893091547	22.782504014863875	27.398562966286143	0.005902290964156184
19.0	27.19359583100293	22.71732219291189	22.84506921558874	27.238027984099556	0.005984776396885075
20.0	27.156972298871302	22.815406537474622	22.759068986920788	27.262122895504476	0.006429281228812987
21.0	27.315866737451387	22.790931276574344	22.72074992089418	27.166091521711884	0.006360543368205578
22.0	27.26067940043172	22.70341423244899	22.59922596586432	27.428858032717844	0.007822368537123143
23.0	27.275897962770202	22.740715978138613	22.739231240349493	27.23872452775371	0.005430290987985309
24.0	27.25766482104625	22.94934535911965	22.738522279750764	27.05169493910039	0.002772600982939751
25.0	27.48739598860529	22.937430829409124	22.609568874155308	26.96455935870189	0.001044949128393266
26.0	27.753229802371187	22.542617798541844	22.512009792361944	27.191413844673125	7.287620519024333E-4
27.0	27.68693083851417	22.696731765380605	23.01828027332219	26.597745429289947	3.116934930866383E-4
28.0	27.0056316608146	23.546037493185732	23.59503237384414	25.853110523979346	1.8794817617840299E-4
29.0	24.931284715528374	24.111661850151556	23.38888429154362	27.56809120440233	7.793837412757733E-5
30.0	26.362454419014735	22.04672081941135	20.843003138785377	30.74763362214512	1.8800064342073866E-4
31.0	28.641451938626776	22.301011559142818	23.55520804411628	25.50210832065479	2.2013745933304406E-4
32.0	28.29909413052526	22.146790057247987	23.444806788564566	26.108969569745373	3.3945391681424885E-4
33.0	31.772065704516912	20.959248205927608	21.641205897135322	25.62703504732856	4.4514509160076374E-4
34.0	25.396712386253	22.965488819735754	21.64646733194051	29.99021528216569	0.0011161799050502961
35.0	25.23694135597299	24.668910858239872	20.998238100643217	29.09530210189742	6.075832464995611E-4
36.0	24.721473114551735	24.443533011643527	22.258814053576355	28.575766985081625	4.1283514676196696E-4
37.0	27.530641807874755	22.954131858437236	23.478361356016485	26.036312881600715	5.520960708084152E-4
38.0	29.768948083604034	24.792333459878613	22.894890598897046	22.542532123216212	0.0012957344040912696
39.0	23.017323613214007	29.290088605076292	25.791422337773533	21.89796050896939	0.00320493496677526
