# Position (bp)	A	C	G	T	N
0.0	22.732102352270772	24.47853834533746	26.974180158744467	25.81247955885943	0.0026995847878752413
1.0	24.598545545414254	18.947772891391175	23.530770959678414	32.92069943044977	0.0022111730663846546
2.0	26.672617001469938	20.201721145146106	21.744311846088856	31.380994798770374	3.552085247204265E-4
3.0	30.343768146160492	19.384377449551287	23.394814896841673	26.876115965282278	9.235421642731087E-4
4.0	30.166998623833376	19.203869357501485	23.80359774730306	26.824664010476518	8.702608855650449E-4
5.0	31.40414551436903	20.102839972077057	21.3977171280929	27.094542567345982	7.548181150309062E-4
6.0	22.43191562802954	21.273944717654068	20.52972069687295	35.76346877463982	9.501828036271409E-4
7.0	25.254784414622122	22.882408839506223	21.690968405888967	30.170959198884006	8.791410986830556E-4
8.0	24.77413399939668	22.725042582841954	22.246052767469575	30.25453976475072	2.308855410682772E-4
9.0	31.304420721053766	19.28731672017143	21.96137977554551	27.446465413212746	4.173700165465011E-4
10.0	26.681284089473117	22.5222717965053	24.215923802798528	26.580422628878754	9.768234429811727E-5
11.0	24.693963435367277	22.58215995377316	23.60288717040978	29.12059871107259	3.907293771924691E-4
12.0	25.613234217130625	22.069549651535997	21.985507314587142	30.331655535467526	5.3281278708063966E-5
13.0	26.628020571191293	21.04462209409456	21.83607108823726	30.491259605837534	2.6640639354031983E-5
14.0	26.43273580451312	21.08202555174762	22.42445624901041	30.06064031131896	1.420834098881706E-4
15.0	26.54983029468721	21.215894764501634	22.57343070427816	29.660746554188705	9.768234429811727E-5
16.0	26.697508238839724	21.275081384933173	22.3751444255661	29.651804179578868	4.617710821365544E-4
17.0	26.925347866808526	21.145945325771063	22.402380039199038	29.52616692438525	1.5984383612419192E-4
18.0	26.59659349696665	21.289760377217245	22.475872682963693	29.636397009819117	0.0013764330332916525
19.0	26.703475742055026	21.302521243467826	22.648965797059954	29.34017086062852	0.004866356788669843
20.0	26.678451301488476	21.403888876209916	22.518630909126912	29.38908307448252	0.009945838692171942
21.0	26.88698534613872	21.31510450545605	22.496128449085877	29.288168332609448	0.013613366709910344
22.0	26.804417124567454	21.24170954403569	22.38353622696262	29.55338477759196	0.01695232684228235
23.0	26.92863354566219	21.21385231548449	22.46535851063197	29.381863461217577	0.010292167003774357
24.0	26.886188528670154	21.413239035340702	22.49932129849252	29.195478733442194	0.00577240405443004
25.0	27.14627101297448	21.400169876450583	22.388984389625953	29.063313613881697	0.0012611070672795292
26.0	27.438644326715128	21.04094818972676	22.254259792972064	29.265437169996495	7.105205895544591E-4
27.0	27.31328270270054	21.276856536720828	22.86975409606734	28.539946787652	1.5987685929015562E-4
28.0	26.563132336884397	22.11857794440925	23.37672293202855	27.941495725113974	7.106156383051674E-5
29.0	24.32864512324552	22.45263855398889	23.05063030590644	30.16807713324279	8.883616363870083E-6
30.0	26.212540262520694	20.111500038561037	20.40577228516971	33.27016964368536	1.777006320100678E-5
31.0	29.185870557422923	20.38505889311653	23.519318705318295	26.90968963811019	6.220603206560994E-5
32.0	28.474062636216313	20.381169243503034	23.283941105488047	27.86080923778595	1.7777006650733728E-5
33.0	31.794942977717948	18.686660619408002	20.90897927211837	28.609265964109305	1.5116664637773147E-4
34.0	25.090417538741853	21.56299429708218	21.69863395555505	31.64611185892906	0.0018423496918558886
35.0	24.79928312151779	22.796377223768932	20.762034763398173	31.642001673406128	3.032179089771943E-4
36.0	23.771332697209875	22.42170743886148	22.905943614925043	30.900872478752778	1.437702508260724E-4
37.0	25.9666468888194	21.22145517076532	24.57287952565577	28.23827260208334	7.458126761637164E-4
38.0	29.90572130955979	23.612703609672657	23.59366301684963	22.887208912773822	7.031511440963014E-4
39.0	23.351128865107835	26.477807440192407	28.672046541747132	21.49496269321945	0.004054459733176293
