# Position (bp)	A	C	G	T	N
0.0	21.299888912385974	27.59081561495158	27.374121370520456	23.731531803156937	0.0036422989850510928
1.0	23.442848295842452	21.637645760221194	23.665008493771094	31.253119689201174	0.001377760964083976
2.0	26.941875170748418	23.281189339376642	21.95203578210555	27.824348603383754	5.511043856335905E-4
3.0	30.26629714616606	21.528607252503654	23.529982909250993	24.674691848730262	4.208433490292872E-4
4.0	30.425686554571037	20.424705087760618	23.923336169516904	25.225635913088034	6.362750634133271E-4
5.0	30.94999724698309	21.3981909046634	21.961710169093354	25.68880407893398	0.0012976003261736355
6.0	24.67562371614597	21.71603785405764	19.975038979362694	33.63285856692519	4.4088350850687234E-4
7.0	25.581529105250468	23.944378336968366	21.543041177367385	28.930665607343837	3.857730699435133E-4
8.0	25.052128212331098	23.75108097872732	21.927737088738976	29.268918449126126	1.3527107647369948E-4
9.0	31.97394418545043	20.22387763959587	21.71012099697188	26.091826716147825	2.304618339922287E-4
10.0	27.852775569602706	23.333604376490268	23.97247965059581	24.841040202513827	1.0020079738792553E-4
11.0	25.75876427567023	23.46833937869794	23.31136981954989	27.46122091364991	3.056124320331729E-4
12.0	26.537745314723438	22.972796335215957	22.014505969237053	28.474516507354913	4.358734686374761E-4
13.0	27.29862006968865	22.256055021460256	21.908283103926113	28.53598468651254	0.0010571184124426145
14.0	27.145322869764865	22.31643602196622	22.436386396519307	28.10046192066592	0.001392791083692165
15.0	27.29330441738722	22.385820064117485	22.5685312081145	27.74912285474477	0.003221455636021806
16.0	27.44338016167499	22.43036933863616	22.404863225661064	27.71522492498843	0.006162349039357421
17.0	27.587273516763922	22.35593016625667	22.416646839433884	27.6320181828375	0.008131294708030158
18.0	27.304677207890755	22.477944677235946	22.49651188499193	27.714132736296904	0.006733493584468595
19.0	27.440228846597137	22.472568904456086	22.622544447946463	27.457733925900808	0.006923875099505654
20.0	27.405389029345358	22.567188517429503	22.494127106014098	27.5257552372076	0.007540110003441396
21.0	27.629813765294962	22.48769922486166	22.498095057590657	27.376616370375412	0.007775581877303021
22.0	27.56328544586925	22.402037563174723	22.350068419609475	27.675505328903853	0.009103242442693034
23.0	27.666226735065734	22.376250887966943	22.424011598041897	27.526902536337694	0.006608242587733689
24.0	27.674767010137586	22.50633445533354	22.434526174824704	27.38102544849988	0.0033469112042913015
25.0	27.993951128000383	22.46350233296455	22.366095050266967	27.175058524540223	0.001392964227876922
26.0	28.31776692362555	21.96316206098473	22.288962012688746	27.429257133316202	8.518693847714117E-4
27.0	28.249579335304432	22.087145357874817	22.963714515992674	26.699250087535642	3.1070329243759715E-4
28.0	27.34136784897369	23.214912183983625	23.473814568978824	25.969719963033278	1.8543503058174478E-4
29.0	25.00076939108635	23.75477686605909	23.246938650509087	27.99741985826964	9.523407583499484E-5
30.0	26.312269954366485	21.627128265983124	20.418800424175558	31.641540669884765	2.606855900675983E-4
31.0	29.12148200168866	21.895597594839973	23.68964492456009	25.293039814585327	2.356643259516414E-4
32.0	28.897179706565908	21.550990869178385	23.7299000053162	25.821478043598844	4.5137534066300015E-4
33.0	32.96262837425764	20.143789705172903	21.674213309804898	25.218881919390363	4.866913741981823E-4
34.0	25.645362572443602	22.076004015494476	21.43695300526535	30.840264166060955	0.0014162407356135178
35.0	25.263923982404364	23.901181111595484	20.557077062088705	30.277198817952318	6.190259591303964E-4
36.0	24.61726334510566	23.550419774867922	21.83589630649548	29.995913357083577	5.072164473657182E-4
37.0	27.802772424465932	21.994969415844263	23.350429189562146	26.851225470673647	6.034994540150845E-4
38.0	30.925876227006473	23.807471135134865	21.959203570903387	23.305885468448885	0.0015635985063921372
39.0	23.870201186033142	27.284414796451433	27.590452484230877	21.251380405790705	0.0035511274938390108
