# Position (bp)	A	C	G	T	N
0.0	21.25199284386323	27.63046797633379	28.55567108716364	22.55836815702441	0.0034999356149323867
1.0	24.10818089042028	21.447639817558837	24.46806134041004	29.974588519844573	0.001529431766263416
2.0	25.404806792097638	23.509697628475706	23.89549822356787	27.189338611839613	6.587440191771269E-4
3.0	29.109038976107872	22.15880840424474	24.42808417075928	24.30359300755253	4.7544133558001316E-4
4.0	29.449540895516098	21.013682170560397	24.685401041067593	24.850740061672187	6.358311837274875E-4
5.0	30.23593232098316	21.92179230614481	22.69875509982435	25.142380359484058	0.0011399135636195497
6.0	24.520251051355455	22.15474710416129	20.75583257682788	32.56870528273751	4.639849178551936E-4
7.0	25.328358116619913	24.282948542812406	22.177997903933814	28.210265820969187	4.296156646807349E-4
8.0	24.68406064019379	24.170876136419356	22.50100587347624	28.643942785733365	1.1456417724819596E-4
9.0	31.061470325815936	20.861878907497676	22.328919022831727	25.747496887291305	2.348565633588017E-4
10.0	27.11767871897087	23.862280340374753	24.535018373802746	24.484908002674384	1.1456417724819596E-4
11.0	25.3613525996674	23.9624208877074	23.83541504081005	26.840542245998616	2.692258165332605E-4
12.0	26.051189336549683	23.46992094613513	22.75073859525072	27.72773869102637	4.1243103809350545E-4
13.0	26.835994048161865	22.79419851588982	22.56332878589926	27.805544952004485	9.33698044572797E-4
14.0	26.597500072175436	22.87056699644347	23.087001640100763	27.44336176205204	0.0015695292283002846
15.0	26.708323729036476	23.00802682451472	23.18063494216571	27.09957757896565	0.003436925317445879
16.0	26.878821593967228	22.970723506813606	23.009895399931967	27.134332554592888	0.006226944694305136
17.0	27.01148032570661	22.918246054316555	22.990905763456585	27.071049485655998	0.008318370864252952
18.0	26.744637725565358	23.03711175510566	23.07423737502617	27.137040632043053	0.006972512259762005
19.0	26.86567531898592	23.025737629343897	23.155357979171594	26.945941043281387	0.007288029217204928
20.0	26.84623603038812	23.12157345493838	23.040340822947243	26.984681600972156	0.007168090754102629
21.0	27.015031561339388	23.03875777630397	23.056985525642794	26.88203374236609	0.00719139434775887
22.0	26.977863202719774	22.97799202397038	22.912377997307477	27.1230908252279	0.008675950774466139
23.0	27.03473258854726	22.975685950170732	22.982666027265626	27.00064024155422	0.006275192462158584
24.0	26.991441839854563	23.164343163830807	23.02741626939318	26.813451777886144	0.0033469490353078483
25.0	27.27082704907871	23.098565330103263	22.913446448865745	26.71580282727123	0.001358344681051785
26.0	27.555499995901805	22.66377626547763	22.858959163253274	26.920956400211317	8.081751559735062E-4
27.0	27.498756560907424	22.79733298436216	23.40638168997316	26.29717337361405	3.553911432056063E-4
28.0	26.707633416380084	23.76917027370001	23.98579577813866	25.537211359227157	1.8917255408916253E-4
29.0	24.534287706266376	24.331854575845835	23.76368881665022	27.37007143980406	9.746143350748163E-5
30.0	25.892548846828277	22.26790496099444	21.04592721676087	30.79337242050525	2.4655491116167845E-4
31.0	28.44013879675226	22.48805358819012	24.08812841383398	24.98339820363402	2.809975896141456E-4
32.0	28.169214586174817	22.162317021830624	24.096560165275417	25.57147232543014	4.359012890059959E-4
33.0	31.931048038421928	20.861738303876155	22.124201838113127	25.082369251077218	6.425685115726588E-4
34.0	25.045425197124775	22.85654811442735	21.95863587376689	30.138064699166677	0.0013261155143057726
35.0	24.78168078767343	24.717151722985285	21.12504721305609	29.37543563303467	6.84643250525061E-4
36.0	24.175551104014847	24.618233026091314	22.40048589497907	28.805168239920377	5.617349943933635E-4
37.0	27.086753503543875	23.919712642062063	23.515404641002377	25.477549051094243	5.801622974426978E-4
38.0	29.60897414464061	24.612091076033256	21.77429133093268	24.003138230522985	0.0015052178704701123
39.0	22.606099659166674	28.368503994528112	27.679408871785043	21.34219303375226	0.0037944407679158377
