# Position (bp)	A	C	G	T	N
0.0	19.940970758203328	29.836719648488035	28.2572958488566	21.960884116657343	0.004129627794692011
1.0	22.14130486708402	23.85420850002022	24.314344335451864	29.689506970090868	6.353273530295402E-4
2.0	24.993594800676426	25.90713444516435	23.566502951767536	25.531790375694722	9.774266969685232E-4
3.0	28.397397748033328	23.999857295702242	23.924412172529983	23.678296130233313	3.6653501136319626E-5
4.0	29.323521761244713	21.81477104329426	24.172140968876658	24.689236345074143	3.298815102268766E-4
5.0	29.476880009999075	22.783376464322643	22.74352189075375	24.994621098708244	0.001600536216285957
6.0	26.959028838608155	21.778508512836726	19.524061618445117	31.738388812276284	1.2217833712106542E-5
7.0	25.87227696558371	24.402874758529787	21.425901831905332	28.29893422614746	1.2217833712106542E-5
8.0	25.055221553920294	24.493079024826272	21.44165061956024	29.01002436602577	2.4435667424213084E-5
9.0	31.374969348509673	21.40500933625763	21.33366940521264	25.88633969218634	1.2217833712106542E-5
10.0	28.177232384541167	24.105199457968023	23.630365568580718	24.08714149974153	6.10891685605327E-5
11.0	26.21658773742458	24.345854128595388	23.03977992260491	26.397704904372848	7.330700227263925E-5
12.0	26.768797167710662	23.872376418750125	22.284412353353925	27.073998653839084	4.154063462116224E-4
13.0	27.420569724916692	23.360217047372327	22.04797283535724	27.17032405482533	9.163375284079907E-4
14.0	27.20888353802074	23.47105723480856	22.464100033757877	26.854126518356015	0.0018326750568159814
15.0	27.285562662397915	23.60087171799969	22.524052943783182	26.58302500611808	0.006487669701128573
16.0	27.478386513971564	23.503941370788443	22.35633334795431	26.650623507179162	0.01071526010652459
17.0	27.576958895386046	23.508760654676912	22.3311471507987	26.56647973457908	0.016653564559259686
18.0	27.394882166269724	23.59802566981141	22.358485401950382	26.635288488466376	0.013318273502109665
19.0	27.488176733473242	23.569175502423914	22.462599621826534	26.46979652556947	0.010251616706836142
20.0	27.45969816236084	23.689965749700328	22.345675090146838	26.499724457988705	0.004936539803295996
21.0	27.64034643744191	23.608351880495263	22.37570998340348	26.3744064073184	0.001185291340945755
22.0	27.609422548672057	23.497471891542272	22.194625675346565	26.698308806214932	1.710782241738174E-4
23.0	27.67527851139928	23.502361194005044	22.315898478189567	26.506070768853256	3.9104755284885475E-4
24.0	27.675756424424524	23.67199148758633	22.29870853427641	26.353433567892353	1.0998582038362322E-4
25.0	27.96674423851228	23.580969290397263	22.196885019068695	26.25524257679967	1.5887522208922873E-4
26.0	28.320822374531907	23.011270862461746	22.16642060287259	26.501437273287248	4.888684650507934E-5
27.0	28.225389117161832	23.147499684051994	22.88918010698476	25.737723311682647	2.0778011876711587E-4
28.0	27.28015776512124	24.42477188155002	23.486654160060116	24.808098394431383	3.1779883724739267E-4
29.0	24.98204588308279	25.130874052251826	23.3568544998365	26.530066651794037	1.589130348416829E-4
30.0	25.860130348027937	23.126120256686026	20.41222145105188	30.601051141715857	4.768025182997418E-4
31.0	28.186788147655793	23.393025945542643	23.62837763234589	24.791355863170775	4.5241128489818117E-4
32.0	28.27639795987999	22.797482648634013	23.79906437022313	25.126150062258734	9.049590041341951E-4
33.0	32.86169671017278	21.883499756020495	22.248141774049657	23.00557305702955	0.0010887027275183804
34.0	25.33878214684917	22.710301239239094	20.941627828753813	31.00855437772924	7.344074286780225E-4
35.0	25.074313903547775	25.083489292456072	20.133943504873443	29.707259707543066	9.935915796425597E-4
36.0	24.999354891202554	24.935424300711322	20.382771137992908	29.681573062923476	8.766071697330016E-4
37.0	28.86930231812656	24.095348084975132	20.975839139450684	26.059169706814366	3.4075063325981114E-4
38.0	30.04119156353557	24.644271108187368	19.19216899917272	26.120186935302776	0.002181393801569513
39.0	23.32839027320434	28.530201650290397	25.308638809583826	22.83041542876477	0.0023538381566633147
