# Position (bp)	A	C	G	T	N
0.0	22.232089272862027	26.53262708215368	26.61367849270018	24.617934383369573	0.003670768914536676
1.0	24.03571592710638	20.969847489070613	23.44833638164812	31.544770515218	0.0013296869568864623
2.0	27.734179216516914	22.31043966381825	21.443813958649116	28.511085261044766	4.818999709521406E-4
3.0	30.778076585506682	21.00521359249438	22.86180462317579	25.35439950132277	5.05697500381876E-4
4.0	30.86818593069237	20.011976106685513	23.290061988102128	25.82920185912249	5.741153974923651E-4
5.0	31.298558301046782	21.044613377156484	21.531549500274192	26.124026476536304	0.0012523449862398223
6.0	25.16371584738466	21.287598051398795	19.686711474439893	33.86150760026159	4.670265150585561E-4
7.0	26.27661028585741	23.295050545208838	21.2582884192149	29.169631318262656	4.1943145619908535E-4
8.0	25.59955570012555	23.30412930268628	21.41405514809723	29.682143836134973	1.1601295596995978E-4
9.0	32.121881426727334	19.95456754162746	21.231432907253442	26.691897997244546	2.2012714722505192E-4
10.0	28.117286718732686	22.955394357040582	23.56033945390917	25.36685453328806	1.2493702950611054E-4
11.0	26.038810498339604	23.16236741987335	23.00795417547733	27.790549614353598	3.1829195612271015E-4
12.0	26.869171743349003	22.662497339510576	21.669970804893428	28.797928782026084	4.3133022091395304E-4
13.0	27.805012562864523	21.74656315336303	21.474816190113703	28.97257885051091	0.0010292431478360535
14.0	27.61248757508678	21.81775941203444	21.980364955936643	28.58787988851452	0.0015081684276094772
15.0	27.736213905283158	21.938772823875823	22.10660787487021	28.214972602350567	0.003432793620239323
16.0	27.874926729637906	21.963438963129743	21.920338662641313	28.23525999618942	0.006035648401616626
17.0	28.055606497141994	21.89411081051857	21.922489364363525	28.119815206234595	0.007978121741318773
18.0	27.761088272919586	22.029027928929274	22.00950800541453	28.193745206099248	0.006630586637360009
19.0	27.890508162032024	22.01011484241499	22.13184812952162	27.960797139893927	0.006731726137436385
20.0	27.8404470841854	22.102285648587536	22.060184844335154	27.989847973945274	0.007234448946639543
21.0	28.086198221223917	21.999605258480585	22.046084808148038	27.86077314900957	0.007338563137894636
22.0	28.021019762807047	21.91125395578151	21.875643927681093	28.1831850524148	0.0088973013155423
23.0	28.120228688308437	21.900381459523302	21.96474782724838	28.008276185797428	0.006365839122454204
24.0	28.082485314146343	22.081310600546743	21.94908689876026	27.88394895826572	0.0031682282809324244
25.0	28.425176943402384	22.01720238783747	21.855797612638536	27.700487263740275	0.0013357923813304658
26.0	28.723314998618605	21.55129811672527	21.798033389265548	27.926529358522206	8.241368683667768E-4
27.0	28.588387184001956	21.730439365530003	22.617649774330843	27.063217207990082	3.0646814711411295E-4
28.0	27.66105089780767	22.92376582764002	23.133799225164108	26.281154924209556	2.2912517864324803E-4
29.0	25.45167023104002	23.369092733038162	22.886148737917807	28.29298711489672	1.0118310728977565E-4
30.0	26.857715511625873	21.161649237937652	20.11959249958694	31.860810586731407	2.3216411812474613E-4
31.0	29.518844731983325	21.39995093897678	23.225021002762062	25.855971959005466	2.1136727236786715E-4
32.0	29.08484090627229	21.26489179732729	23.113820311489228	26.53608371133388	3.6327357731124254E-4
33.0	33.21840914664703	19.813813106588103	21.23713596745356	25.730165166791892	4.7661251941339604E-4
34.0	26.068456708443836	21.63235397636326	21.0516246238977	31.246208118690504	0.0013565726047049694
35.0	25.831501325946153	23.269639522486116	20.12477964379144	30.773377474778346	7.020329979408028E-4
36.0	25.221350900165195	22.93231533675137	21.25763832277368	30.588219890993862	4.7554931589371594E-4
37.0	28.421593198044988	21.49761081259139	22.37456052985862	27.70566804811809	5.674113869165604E-4
38.0	31.207964465897287	23.588454298323587	21.23488425007174	23.967163174322746	0.001533811384642185
39.0	24.715294177139352	26.547957660346743	26.546725535699885	22.186425721269405	0.0035969055446186666
