# Position (bp)	A	C	G	T	N
0.0	21.537234390587628	28.729429204915125	26.625403560574075	23.103977649757553	0.00395519416562059
1.0	22.865078416083307	23.518098408718018	23.582758033058997	30.033551242201682	5.138999379924664E-4
2.0	28.306975925531496	24.668555187760223	21.21155948166951	25.812211969408636	6.97435630132633E-4
3.0	31.00049985945754	22.764436619298245	22.41338790094175	23.821648089948642	2.7530353821024985E-5
4.0	31.7306966106372	20.66662365813614	22.861517823655785	24.740969195094127	1.927124767471749E-4
5.0	31.607048614842366	21.74250070867719	21.590964464461663	25.05748567297445	0.0020005390443278157
6.0	28.383969148384292	20.856069199563223	18.532544044207143	32.2273625471377	5.506070764204997E-5
7.0	27.552387280866412	23.53524064236391	20.48504262111727	28.4273202788678	9.176784607008328E-6
8.0	26.62299924300704	23.683932083351266	20.40595709137407	29.2870840519138	2.7530353821024985E-5
9.0	33.45822631290651	20.37576547001701	20.234892649514826	25.93108803720782	2.7530353821024985E-5
10.0	30.01614288180219	23.203426464543703	22.688774030213462	24.091629093086826	2.7530353821024985E-5
11.0	27.728287888213547	23.49999261268839	22.24566380867946	26.525954745787928	1.009446306770916E-4
12.0	28.35828332826928	23.0054373366475	21.310778876840484	27.325115033289244	3.854249534943498E-4
13.0	29.156737003355857	22.33614690490456	21.044927426775452	27.4611058043805	0.0010828605836269828
14.0	28.99183018396792	22.452517710506033	21.434280044081603	27.11963764915372	0.001734412290724574
15.0	29.086286827927854	22.544900401144787	21.52002791944949	26.842443693314426	0.006341158163442755
16.0	29.266959363270633	22.52661106942302	21.31619317975862	26.87977485309574	0.010461534451989496
17.0	29.406079417912885	22.497575722926445	21.335748907756155	26.744151153388763	0.016444798015758925
18.0	29.185882471267714	22.554811328520355	21.38275239851325	26.86389901572561	0.012654785973064485
19.0	29.30758498872586	22.571494722935896	21.481366125900163	26.62990018503151	0.009653977406572763
20.0	29.224755330863005	22.67184286261353	21.414816083930138	26.68391473922836	0.00467098336496724
21.0	29.496434039153485	22.605641538458574	21.37441070130548	26.52217391052984	0.001339810552623216
22.0	29.463746332383323	22.47924050728164	21.172236959628478	26.884592665014416	1.8353569214016658E-4
23.0	29.537692862746596	22.443460224098917	21.337969689631052	26.680528505708374	3.487178150663165E-4
24.0	29.520154632401148	22.642309236903564	21.30250927082255	26.534852492788545	1.7436708419323838E-4
25.0	29.889162210067116	22.54357626041746	21.19972690928324	26.367378599860338	1.560203718552832E-4
26.0	30.212124499582117	21.998470179233536	21.16948684921353	26.619890937399788	2.753457103065754E-5
27.0	30.047163992351543	22.15947641580093	22.126396268588767	25.66678892736613	1.7439589262793683E-4
28.0	28.962830847862765	23.64208489459316	22.627249177986375	24.767458724910455	3.7635464724554294E-4
29.0	26.685610699482996	24.10819892942009	22.47236428359755	26.73355985630125	2.662311981101624E-4
30.0	27.61813940480067	22.039304847253817	19.535630737611367	30.806420009633577	5.050007005736991E-4
31.0	30.101158037427727	22.290859042983787	22.64495304016393	24.962634992711585	3.9488671297126634E-4
32.0	30.078799362580217	21.80145397035754	22.77093900009525	25.347861585960597	9.460810063950482E-4
33.0	35.048204476406276	20.77449876193442	21.21005231880352	22.966307175708096	9.372671476929951E-4
34.0	27.097571121381208	21.603028434941045	20.11775366734028	31.18080065982373	8.46116513738771E-4
35.0	26.86179415592488	23.872809033949004	19.316320267178362	29.947906227708142	0.0011703152396146733
36.0	26.83376592146378	23.542453445516877	19.631825797355635	29.990989230250005	9.656054137038906E-4
37.0	31.306388505887984	21.87639978216202	20.210846915541357	26.605974712679547	3.900837290938907E-4
38.0	32.52927706545658	23.74304541522049	19.222002421347092	24.503294479537054	0.002380618438778955
39.0	25.884950033243165	26.966736929761897	24.413495624807553	22.732569178016863	0.002248234170524897
