# Position (bp)	A	C	G	T	N
0.0	22.207127141793965	27.254339417119315	27.276329641167557	23.258571030394943	0.0036327695242177245
1.0	24.854571294826773	20.40602324451517	23.603360283648897	31.134647687182497	0.0013974898266612757
2.0	27.692735847881018	22.077097225655322	22.732199622938236	27.497449845075757	5.174584496705479E-4
3.0	30.62032918946505	20.929673594954224	23.250879556160047	25.19860724122202	5.10418198654622E-4
4.0	30.83635225163772	19.894035069883994	23.527740947486837	25.741252188902042	6.195420894014724E-4
5.0	31.43502703702799	20.82753363321517	21.596188239133955	26.13998032531451	0.0012707653083746109
6.0	25.503425469333052	21.013118170120485	19.64977708101196	33.8332357437205	4.435358140033268E-4
7.0	26.522815095058526	23.04885251300704	21.16294879224142	29.26494710413003	4.3649556298740096E-4
8.0	25.795046746914736	23.09668749853475	21.377694048854696	29.730469622056095	1.0208363973092441E-4
9.0	32.268332268026015	19.762825911700187	21.137931260256327	26.830674711608438	2.3584840903351508E-4
10.0	28.3106481191723	22.777612762116465	23.453079085462942	25.45855090935754	1.0912389074685024E-4
11.0	26.326860268406755	22.889915326197006	22.807885841484946	27.97507103437269	2.6752953860518125E-4
12.0	27.092712854421197	22.389758293398096	21.655227784153507	28.861857532213197	4.435358140033268E-4
13.0	27.962768195722358	21.586631098379836	21.457618498512993	28.992137377262907	8.448301219110987E-4
14.0	27.758006015049663	21.730748556801345	21.943420459490433	28.566406358078854	0.0014186105797090532
15.0	27.832414428036984	21.814893636943687	22.03097654124999	28.318198788386876	0.0035166053824549483
16.0	28.003893822031888	21.850077291395777	21.84463165723496	28.295208848694376	0.006188380642998798
17.0	28.198711648144588	21.723102844198046	21.83106861365278	28.238925561947553	0.008191332057029694
18.0	27.89585412994149	21.913256504012697	21.88376841263249	28.300098303024935	0.007022650388386008
19.0	28.01388041809798	21.881152959380074	21.99230796254502	28.10549168444271	0.0071669755342124875
20.0	27.972599906266097	22.01184817923972	21.881167039882108	28.12690812803316	0.007476746578913224
21.0	28.237422468355653	21.84178035557351	21.869427421313052	28.043949330186997	0.007420424570785816
22.0	28.13517338272586	21.82344754192804	21.77490149104772	28.2575998277673	0.008877756531082462
23.0	28.225545564891792	21.790847659598793	21.853037716947977	28.12425043327465	0.0063186252867934245
24.0	28.193193223145673	22.015021813523504	21.874304961260886	27.914287092230737	0.0031929098391963303
25.0	28.459349617681333	21.92718306004975	21.76737446704799	27.844776196328063	0.0013166588928637828
26.0	28.763910027077106	21.50954553422457	21.665933604920006	28.05983628682755	7.745469507653246E-4
27.0	28.639980930963997	21.69685901359637	22.34074529440025	27.32212957050834	2.851905310406127E-4
28.0	27.785181690420004	22.775651634785437	22.90936220088141	26.52961785517393	1.8661873921858648E-4
29.0	25.54930080281267	23.245997759754697	22.66827308314878	28.53634384064418	8.451363967391399E-5
30.0	26.94329520838883	21.07524049903947	19.999025874821463	31.982209501855063	2.289158951731428E-4
31.0	29.57145066082259	21.34486017287794	23.008513574486116	26.07494312484216	2.324669711983989E-4
32.0	29.192856998174356	21.160687598030453	22.891092736257242	26.754950510308774	4.1215722917615236E-4
33.0	33.226729400065366	19.78725933605368	20.930897988745702	26.054619999399613	4.932757356397216E-4
34.0	26.042708886824634	21.749369222572902	20.868201670014695	31.33843025836886	0.0012899622189098312
35.0	25.779182861111348	23.536584350014323	20.021497450279423	30.662054123623644	6.81214971255552E-4
36.0	25.063802073902902	23.42739657006072	21.250915439583544	30.257378226476312	5.076899765241315E-4
37.0	27.39707845898161	22.788065748250773	22.124291983678795	27.690029419423436	5.343896653837316E-4
38.0	30.612856996259225	23.820930682582077	20.786837617684817	24.777781905899932	0.0015927975739501027
39.0	23.194202200327773	27.17684697961513	27.311773954139827	22.31348781153856	0.0036890543787068083
