# Position (bp)	A	C	G	T	N
0.0	20.525501962422506	29.349136486445705	28.56194377512592	21.558851232331445	0.004566543674423702
1.0	21.781579436417033	23.931547907411144	23.869562040665272	30.41675468845054	5.559270560167985E-4
2.0	25.466740472601536	25.972832638953967	23.500267639168396	25.05920623146579	9.530178103145117E-4
3.0	27.627430393961678	24.190252533836105	23.926504854831563	24.255812217370657	0.0
4.0	28.45417334440952	22.242998892910975	24.26025963381879	25.042329874408136	2.3825445257862792E-4
5.0	28.681587219395823	23.073792169052652	22.978053588191475	25.264780114965713	0.0017869083943397096
6.0	26.52518587818209	22.171999066042545	19.876496833598324	31.42631822217704	0.0
7.0	25.42758732422778	24.575073183826017	21.49587263869983	28.501466853246377	0.0
8.0	24.55589370039344	24.85946958205404	21.403072529420452	29.18152447905664	3.9709075429771325E-5
9.0	30.292266736978203	21.821089966469657	21.295063844251477	26.591579452300664	0.0
10.0	27.393424812454036	24.455707703084126	23.549467183625882	24.601400300835955	0.0
11.0	25.68045471656456	24.585834343267486	22.858092471318134	26.875499341623527	1.1912722628931396E-4
12.0	26.369407175271093	24.086373592511823	22.33611667479379	27.20778488481986	3.176726034381706E-4
13.0	26.815220965121135	23.620268465117167	22.08098586515751	27.482373141416726	0.0011515631874633684
14.0	26.62557042086855	23.83676234436028	22.417043770519665	27.11891597400803	0.001707490243480167
15.0	26.605477628701085	23.965181494300158	22.493602867948265	26.930655247395478	0.0050827616550107296
16.0	26.882726393351746	23.955968988800453	22.269008337317477	26.883917665614643	0.008378614915681749
17.0	26.956227891972258	23.896802466410094	22.22028530176515	26.912587618074934	0.01409672177756882
18.0	26.793142719182185	24.04035077408872	22.20440167159324	26.95098629401552	0.011118541120335971
19.0	26.940820770705503	23.92876827213106	22.227472644417936	26.894480279678962	0.008458033066541292
20.0	26.860648147412796	24.105473657793542	22.13808751562552	26.89237569868118	0.003414980486960334
21.0	27.050219273514525	23.92864914490477	22.123037776037638	26.897140787732752	9.530178103145117E-4
22.0	26.992879368593936	23.88528683453546	22.07780913912313	27.04390553052119	1.1912722628931396E-4
23.0	26.97620155691343	23.953149644444938	22.198604146580493	26.871528434080556	5.162179805870272E-4
24.0	26.971728967880182	24.227026013860716	22.18552487574438	26.615521587676255	1.9855483846372565E-4
25.0	27.199536471496494	24.11472092184668	21.999812555300156	26.685731487055993	1.9856430068036074E-4
26.0	27.502605308474877	23.645080732790667	21.991941018357895	26.860293510240137	7.943013642920233E-5
27.0	27.367684399037728	23.671422562750543	22.700848006602623	26.259806727098045	2.3830451106467704E-4
28.0	26.473124472469095	24.989424556874038	23.49364976912765	25.043642321632493	1.5887989672806713E-4
29.0	24.30976404226583	25.842814014459364	23.20270914435529	26.644514181298163	1.9861762135536665E-4
30.0	25.293668488322385	23.697243361868544	20.301701465640946	30.70706886112881	3.178230393099426E-4
31.0	27.528381413134518	24.00873653243738	23.11140231119983	25.351201610942205	2.7813228607256554E-4
32.0	27.389991428445406	23.697507175746278	23.24282137269652	25.669083948383108	5.960747286965873E-4
33.0	31.813860277955975	22.695829547468975	21.707212180904296	23.782462047951896	6.359457188531673E-4
34.0	24.95455579181066	23.560456302789632	20.517960600706434	30.96627188915907	7.554155342060105E-4
35.0	24.6091482365982	25.91566377312004	19.813017057883407	29.661494063862943	6.768685354077895E-4
36.0	24.049207193853427	25.90136379233648	20.01588775429716	30.032860584555642	6.806749572876464E-4
37.0	26.218654758966647	25.15589089236415	20.866298295428923	27.758623092924502	5.329603157748874E-4
38.0	28.683927902735512	25.605626991035425	19.264798390734615	26.443628130506053	0.0020185849884013754
39.0	20.53657891481202	31.360559018134815	25.078131998924963	23.022981003451203	0.0017490646769989463
