# Position (bp)	A	C	G	T	N
0.0	19.265553753434897	31.163446571091136	28.488009944675436	21.07912933219253	0.0038603986059992396
1.0	21.60445020978741	24.587149310296493	24.230369106420547	29.57745411762923	5.772558663176433E-4
2.0	25.66975660908359	26.422191591582816	23.649054409792857	24.258366015936954	6.313736037849224E-4
3.0	28.331573604903355	24.282592723076473	24.105916349491626	23.279917322528547	0.0
4.0	29.105006269539885	22.139205612947414	24.38644466127618	24.369145024532475	1.9843170404668992E-4
5.0	29.081735642428956	23.13020962144823	22.935277531091092	24.850919162712014	0.0018580423197099144
6.0	26.554491420444492	22.206906902518984	19.651701849509756	31.586881788280945	1.8039245822426354E-5
7.0	25.43019542456177	24.808202228604507	21.585581158657153	28.175985109684927	3.607849164485271E-5
8.0	24.658692959228237	24.9430095126355	21.6341247691653	28.764172758970965	0.0
9.0	31.012169455624267	21.71620333765734	21.48654569909203	25.78504542913472	3.607849164485271E-5
10.0	27.710320018024813	24.524895872963302	23.835508054613456	23.92922193666096	5.411773746727906E-5
11.0	25.75578577241074	24.748185657753293	23.190514820232604	26.305315317899314	1.9843170404668992E-4
12.0	26.355518539023127	24.276062516088754	22.45267358760372	26.91515006217226	5.952951121400697E-4
13.0	26.966868579945157	23.742858488069473	22.20117042234745	27.08818250810097	9.200015369437441E-4
14.0	26.811316163218375	23.858472014545402	22.644160182008775	26.68460850056165	0.0014431396657941082
15.0	26.87917980600234	23.900864242228106	22.661261387048434	26.55277769209136	0.005916872629755845
16.0	27.046547928742815	23.914447794332393	22.520356837929462	26.508455265105656	0.01019217388967089
17.0	27.14332848258013	23.912138770867124	22.452493195145497	26.476002661871114	0.01603688953613703
18.0	26.981155662636517	24.015106786021533	22.499196802579757	26.49173288422827	0.012807864533922712
19.0	27.08019112220164	23.95144628751419	22.578966347606524	26.379582892950243	0.009813349727399936
20.0	26.981227819619807	24.10221830409803	22.48404383608892	26.427855914771058	0.004654125422185999
21.0	27.224108225372955	23.99524557637104	22.48525246555902	26.29418510322688	0.0012086294701025657
22.0	27.150472023925815	23.902632088318704	22.350427142282207	26.59621619603176	2.5254944151396896E-4
23.0	27.221221946041368	23.923467417243607	22.426246092473864	26.42868572007889	3.7882416227095345E-4
24.0	27.21576086731024	24.11607239659993	22.436404747425676	26.23167178966893	9.019899521927286E-5
25.0	27.517436577330802	23.96690726055454	22.32794746755825	26.187654573108965	5.4121447445639065E-5
26.0	27.8980332783193	23.410342157469074	22.339661270384	26.35178288050793	1.8041331969889738E-4
27.0	27.793333257555624	23.501915281603498	23.059229120579836	25.645341917143572	1.804231174697029E-4
28.0	26.790070150855282	24.90206504674408	23.66728441183725	24.640345826629467	2.3456393391864855E-4
29.0	24.54225111940285	25.560675838907038	23.524476009032455	26.372326362185245	2.706704724138068E-4
30.0	25.467837861444632	23.479942020155793	20.56187464313016	30.489966498449085	3.7897682033394715E-4
31.0	27.75510285115694	23.762396609193036	23.805586659129617	24.67671534706896	1.9853345144268847E-4
32.0	27.780526517293687	23.239372170646	23.95658559980996	25.022865882550864	6.498296994916707E-4
33.0	32.3921412300889	22.264486680015807	22.336558322695	23.006127714489416	6.86052710874098E-4
34.0	24.922848926205866	23.153160051636316	21.015847755214377	30.90724028152918	9.029854142572005E-4
35.0	24.59492644570688	25.541829793598726	20.1528038239298	29.709770759900966	6.691768636259149E-4
36.0	24.24702572410134	25.43335317608634	20.511659299749066	29.807216105404123	7.456946591347869E-4
37.0	27.208967176123565	24.565879504687715	21.251437512820807	26.973157368237455	5.58438130453381E-4
38.0	29.51217974465818	25.020939241682346	19.64283275527868	25.82225226356149	0.0017959948193032775
39.0	21.981158263476996	29.33297875006289	26.36698941126032	22.316639622893312	0.002233952306478054
