# Position (bp)	A	C	G	T	N
0.0	21.927178297089142	28.01954589089674	27.024211588065768	23.025631358332298	0.0034328656160491286
1.0	24.592754184641056	20.579050657243762	23.651504728772384	31.175401875200382	0.0012885541424138562
2.0	27.489482914534385	22.391126642396276	22.835653230801146	27.28326507029235	4.721419758462985E-4
3.0	30.556541780359847	21.129115731687026	23.35888490295048	24.95493626157098	5.213234316636213E-4
4.0	30.839281051708056	20.02445105257414	23.64745217681304	25.488186196270306	6.295226344617314E-4
5.0	31.354987961117338	21.000865249352195	21.67949064930194	25.963082333642372	0.0015738065861543285
6.0	25.303357367163226	21.210874983837744	19.69806323918806	33.78720767710722	4.967327037549599E-4
7.0	26.268572946451673	23.307711598172553	21.21733250898656	29.205935395141275	4.4755124793763713E-4
8.0	25.592554163660246	23.314867499993973	21.484491095131837	29.607979042011145	1.0819920279811006E-4
9.0	32.19451049377346	19.898212091782234	21.266587736987606	26.640483115342267	2.065621144327556E-4
10.0	28.19724340891031	22.994843766990655	23.595467378014128	25.212312656154197	1.3278993070677146E-4
11.0	26.098114938734412	23.092060750704757	23.077370249852123	27.732149135682636	3.049250260674011E-4
12.0	26.80759186591837	22.692126988289452	21.86479653853045	28.63502721972263	4.573875391011017E-4
13.0	27.75233812329565	21.802016410179636	21.599128150496437	28.845474669164954	0.0010426468633272425
14.0	27.575830796512857	21.897020228381958	22.10999068650771	28.415609072739223	0.0015492158582456669
15.0	27.68888912714572	21.977126983617215	22.218878429687265	28.111382423344434	0.003723036205371333
16.0	27.838302389918745	22.040723524134595	22.033075807755	28.081475180061915	0.006423098129742353
17.0	28.02279186698069	21.928353733883174	22.020416501027622	28.020032787309333	0.00840511079918046
18.0	27.7199373802032	22.106626674929807	22.11472194255734	28.051440064994278	0.007273937315382037
19.0	27.82082330052127	22.087313117230345	22.210984806028584	27.873845828037926	0.007032948181877155
20.0	27.785014282540676	22.201551802802822	22.099864224754924	27.905882628357332	0.007687061544247548
21.0	28.051312193209156	22.042297330720746	22.089904979951918	27.80887712490324	0.007608371214939832
22.0	27.974982573780665	22.017706602812087	21.971107173425175	28.027164098402846	0.009039551579223924
23.0	28.0762570275997	21.964674239004268	22.05590092139982	27.89668077797391	0.0064870340223048715
24.0	28.063477695509835	22.183448265753903	22.077245190699514	27.672774519800335	0.0030543282364087435
25.0	28.33873017158114	22.076904170341933	21.955600120822023	27.627540790343446	0.001224746911461275
26.0	28.64994201297825	21.641276941264167	21.91572474136047	27.79218565055231	8.706538448049191E-4
27.0	28.48505995282639	21.891503457541685	22.62061451622456	27.002482645389808	3.3942801754951074E-4
28.0	27.590119834758926	23.014937786648996	23.136461440001668	26.258284155085672	1.967835047407852E-4
29.0	25.367227157594545	23.40424118720258	22.872786523971918	28.355641811000925	1.0332023003216014E-4
30.0	26.823107723651045	21.191107641772554	20.15640759702478	31.829165452512985	2.1158503863493602E-4
31.0	29.508905211160098	21.4250011060372	23.248724809233803	25.817088365802597	2.8050776630041704E-4
32.0	29.173478133628354	21.19671096585232	23.16298095223939	26.46649526067587	3.346876040669269E-4
33.0	33.18438689212243	19.840846474204	21.145038566278263	25.829221011490873	5.07055904439555E-4
34.0	25.889695676023344	21.82633190830614	21.061842155220628	31.220805577574783	0.0013246828751055006
35.0	25.601311135587938	23.628743901766622	20.144984601593922	30.62433896042832	6.214006231957806E-4
36.0	24.880224536921865	23.495316947183216	21.477298257037152	30.146753496260935	4.0676259682996015E-4
37.0	27.255264297707527	22.879505236970125	22.427565658928312	27.43699462693775	6.701794562884842E-4
38.0	30.669735501833923	23.87002472372444	20.946122086246415	24.512739468808725	0.0013782193864932968
39.0	23.03312670096632	26.900083110539992	28.04332054551625	22.019772063340813	0.0036975796366214234
