# Position (bp)	A	C	G	T	N
0.0	21.325968628591735	28.320166598135348	27.780925153354037	22.569176330630206	0.0037632892886708255
1.0	24.2617596086623	20.965793179791746	24.18114015090328	30.589809142056033	0.00149791858664539
2.0	27.147194634270694	22.801991713921222	23.381630728486815	26.668720602769834	4.623205514337624E-4
3.0	30.26050745968079	21.383943625741527	23.931690474171678	24.423285162922227	5.732774837778653E-4
4.0	30.350012718438368	20.398026556986974	24.28318354301574	24.968185411253085	5.917703058352158E-4
5.0	30.896688277686735	21.517489540228684	22.229167304283763	25.355101480747997	0.0015533970528174416
6.0	24.654288249651618	21.791941512381825	20.29724992318544	33.256150458339974	3.698564411470099E-4
7.0	25.719502539388095	23.92510702951926	21.844757012177617	28.510254316062856	3.7910285217568514E-4
8.0	24.99676606774272	23.94027114360629	22.042371308682462	29.02043429098104	1.5718898748747918E-4
9.0	31.690002604713985	20.37604783797181	21.8369807805025	26.096719123713928	2.4965309777423165E-4
10.0	27.426427000925656	23.59258759610604	24.31716410354612	24.66371034248984	1.1095693234410296E-4
11.0	25.453011727130644	23.726124264182168	23.657247748429565	27.16336660715985	2.4965309777423165E-4
12.0	26.286335274678972	23.24946252924293	22.33708216739943	28.12661147607209	5.085526065771386E-4
13.0	27.24935822972653	22.298228748256935	22.119625072827045	28.33182632244251	9.616267469822257E-4
14.0	26.985317716391677	22.4461898175378	22.7007989916234	27.866167816627396	0.001525657819731416
15.0	27.092113763772872	22.523702481191183	22.78447901143291	27.596283571522424	0.003421172080609842
16.0	27.282543598908443	22.58465482269221	22.57867239475666	27.547517999757186	0.006611183885502802
17.0	27.470301221256722	22.457932759544214	22.537424155157737	27.525844412305972	0.008497451735352553
18.0	27.112492853680077	22.674927533565164	22.64704960431371	27.55824383655045	0.007286171890596094
19.0	27.29196569174666	22.598487453591108	22.757007924266716	27.345446933136518	0.007091997258993914
20.0	27.211753076072903	22.737904839081473	22.655510070404947	27.38738865356259	0.007443360878083574
21.0	27.493537452171786	22.594890599700953	22.63042455728415	27.273704029965028	0.007443360878083574
22.0	27.35398137051599	22.574631713137126	22.525524024163833	27.53718975863816	0.008673133544897382
23.0	27.496829174497993	22.54662433413127	22.5709146559036	27.379325783145585	0.006306052321556519
24.0	27.443658768594663	22.767057071605105	22.57515423752213	27.21052359522696	0.0036063270511424335
25.0	27.764080003713843	22.670946339969362	22.455828300626674	27.107758213316234	0.0013871423738888759
26.0	28.05846214656839	22.199494177174124	22.409003635202733	27.332290934225924	7.491068288301069E-4
27.0	27.935649695201754	22.415032459094327	23.174840710428253	26.474088680520936	3.884547547324425E-4
28.0	26.981413597383373	23.617295165570688	23.733082679296057	25.667977315710967	2.3124203891470527E-4
29.0	24.790041160600346	24.072471148495918	23.455455294333678	27.68193063983249	1.0175673756798623E-4
30.0	26.190294459119308	21.809929063841246	20.641910573607472	31.35756984653058	2.960569013963061E-4
31.0	28.89614926018916	22.001500478106216	23.807117129637938	25.295001805274286	2.313267923986386E-4
32.0	28.45171432714824	21.853727543944547	23.756519022315782	25.937622651738334	4.164548531011033E-4
33.0	32.63441661952762	20.427492100218576	21.684996047910854	25.25252132549895	5.739068439964762E-4
34.0	25.22235571636584	22.392394074711966	21.52400000925971	30.859805684998577	0.0014445146639072732
35.0	25.02205442344549	24.26261998482689	20.536240798601497	30.178509843371632	5.749497544918181E-4
36.0	24.25077159680596	24.143138377612964	21.726865876417477	29.87876712769562	4.570214679772052E-4
37.0	26.60702325693778	23.456920643952472	22.779328265763667	27.156145266255606	5.825670904794499E-4
38.0	30.08267003405438	24.39072744618441	21.315262778265755	24.20996685191715	0.001372889578299205
39.0	22.492807708432814	27.676993315390803	28.334491607904223	21.49201658379193	0.0036907844802313104
