# Position (bp)	A	C	G	T	N
0.0	20.68806579006487	30.491175108103374	26.960869753829513	21.855435070578995	0.004454277423243116
1.0	23.206552978013686	23.177716373304083	23.575231583693164	30.040073003670326	4.260613187449938E-4
2.0	27.65784797202559	24.976082466879543	22.618627090992753	24.74676464527684	6.778248252761265E-4
3.0	30.337560636272226	23.07187886844311	23.094518217607334	23.496042277677333	0.0
4.0	30.911058537726564	21.12137015122853	23.49685566746766	24.470580078612187	1.3556496505522529E-4
5.0	30.648875895309764	22.396900907433142	22.1255773130869	24.82624444764636	0.0024014365238354198
6.0	27.1498473151165	21.634212414032447	19.06095698020132	32.15498329064974	0.0
7.0	26.46654179196743	24.331393592347627	21.049675651137896	28.152388964547047	0.0
8.0	25.532925244055672	24.494420146038326	20.88841144199291	29.084243167913087	0.0
9.0	32.38908461887653	20.950829425189056	20.793496600030675	25.86658935590374	0.0
10.0	28.686146964816633	24.00311334625461	23.381141286581236	23.92955966950036	3.87328471586358E-5
11.0	26.58686538166573	24.19935331638384	22.780937087011015	26.432786115668677	5.80992707379537E-5
12.0	27.263973649269417	23.723539655463576	21.80047316046089	27.2116455727581	3.679620480070401E-4
13.0	28.106548639934804	22.966854753372466	21.523591402547382	27.401998150119223	0.0010070540261245308
14.0	27.867876835743292	23.145664942280312	21.999986056175022	26.984806653373557	0.0016655124278213394
15.0	27.972184393141497	23.18484321718127	22.053592316642575	26.782989153253485	0.006390919781174906
16.0	28.1925161942034	23.23231032137418	21.846081087990182	26.71791797002697	0.011174426405266428
17.0	28.307223521063698	23.14767905033256	21.84139441348399	26.686970425147223	0.016732589972530663
18.0	28.05071524075563	23.333499884576113	21.864517923237695	26.737787920619354	0.013479030811205259
19.0	28.18589287733927	23.256131022376742	22.00118677443694	26.54710611405739	0.00968321178965895
20.0	28.09107486749493	23.426904145499165	21.891243587777154	26.58570339625097	0.00507400297778129
21.0	28.407328564545193	23.248093956591322	21.86492461813286	26.47841340962155	0.0012394511090763455
22.0	28.284719736864528	23.183642498919355	21.75075955113278	26.780645816000387	2.323970829518148E-4
23.0	28.416701913557578	23.207966726934977	21.816237429254453	26.558571036816346	5.228934366415832E-4
24.0	28.377353491658198	23.381877649421156	21.817615242073426	26.422998679937532	1.5493690969037408E-4
25.0	28.717634856981828	23.25415371027986	21.695087596634227	26.33296889208246	1.5494402163018542E-4
26.0	29.091191525387945	22.685744822244384	21.640964395418624	26.58204115010489	5.81068441533765E-5
27.0	28.917513072839874	22.88577952400839	22.612720072707383	25.583813000086003	1.7433035835348463E-4
28.0	27.7750109205305	24.448680286577964	23.16212072343793	24.61380064486822	3.8742458538305153E-4
29.0	25.56805776541441	24.922513141139703	22.945893550036295	26.56332244122884	2.1310218075210735E-4
30.0	26.50453407692595	22.750772148369514	19.994869458923606	30.749243061127256	5.81254653670071E-4
31.0	28.95019397934465	23.012784751233433	23.162651016809864	24.874021456028085	3.48796583963767E-4
32.0	28.91214524368784	22.573955208260656	23.252226795972	25.260839399365874	8.333527136289991E-4
33.0	33.82354024410905	21.5330107027895	21.649509715552444	22.992931359401975	0.0010079781470337724
34.0	25.85899689925577	22.480482917984336	20.471756778793864	31.187987781621203	7.756223448265699E-4
35.0	25.630133876687733	24.94668176387192	19.605071247300106	29.81720044452738	9.126676128634868E-4
36.0	25.31746234794315	24.848765841381415	19.892347644340617	29.940721092280224	7.030740545948722E-4
37.0	28.593645763175534	24.091154878023417	20.468712754707806	26.846106652119172	3.799519740704775E-4
38.0	30.7566550876487	24.891297203125433	18.976309212646207	25.373828873223726	0.0019096233559399236
39.0	23.28927842139095	28.415982063387112	26.019658267093643	22.272763154762178	0.0023180933661179955
