# Position (bp)	A	C	G	T	N
0.0	19.923343106772407	30.535270710782914	27.64869199886028	21.88633581699823	0.006358366586171696
1.0	21.08857364278803	24.89094337142944	24.54284275386976	29.476748996428938	8.912354838357818E-4
2.0	26.7795112677439	26.095188738401635	22.27278616440714	24.851675802052075	8.380273952485709E-4
3.0	29.589057969414394	23.942256453941617	23.85458282597204	22.614076146627657	2.6604044293605423E-5
4.0	30.570853620025606	21.669885312625457	24.07216400222729	23.686804420634417	2.9264448722965967E-4
5.0	30.114554354323836	22.75979979924588	22.97618379350792	24.143941713731436	0.005520339190923125
6.0	27.09708374447667	21.78481478397383	19.516713591766795	31.601361275738416	2.6604044293605423E-5
7.0	26.205342783799306	24.56717215237626	21.517563857022417	27.70992120680201	0.0
8.0	25.305115132992288	25.061328973107834	21.544660076135454	28.08882930765369	6.651011073401356E-5
9.0	32.63361149635246	21.524135055962937	21.065547842451913	24.776639095121965	6.651011073401356E-5
10.0	28.814999998669798	24.434497783484048	23.809861427514488	22.940467864043757	1.7292628790843527E-4
11.0	26.273169794725852	24.647609480297977	23.493273300420583	25.5852690214261	6.784031294869384E-4
12.0	26.899854662106026	24.28469041006676	22.679814740077155	26.133884320826684	0.0017558669233779579
13.0	27.658123132562366	23.703857613026617	22.347782965270817	26.286298890584746	0.003937398555453603
14.0	27.72168019437979	23.707808313604218	22.678404725729596	25.885096600615032	0.00701016567136503
15.0	27.580918196022324	23.915519389426542	22.75216443853362	25.73716481232044	0.014233163697078903
16.0	27.901510231782417	24.056933186869202	22.435217156841748	25.586572619596488	0.01976680491014883
17.0	27.869279432120713	23.734518774075	22.73347509741736	25.636481806691293	0.026244889695641753
18.0	27.83055724565137	23.96745048388766	22.54912237248482	25.63226506567075	0.020604832305397402
19.0	27.85015112427361	23.779359890731868	22.839545422015963	25.517721352964635	0.013222210013921898
20.0	27.830464131496342	23.97439413944829	22.756780240218557	25.432375578870747	0.005985909966061221
21.0	27.960225357538405	24.02269378186333	22.773926546765786	25.24131863477622	0.0018356790562587743
22.0	28.200007608756668	23.56535695843411	22.600973654813057	25.6333026233982	3.5915459796367324E-4
23.0	28.20844109079774	23.380139602062027	22.821494577962753	25.589286232114432	6.384970630465302E-4
24.0	27.833267906934793	24.094544981458235	22.64060235032198	25.43118568464192	3.9907664306837795E-4
25.0	28.396127130850278	23.700550657701577	22.62226302449205	25.280912852196174	1.463347599198671E-4
26.0	28.679913939996403	23.297451938478698	22.698086479341235	25.324414603592892	1.3303859077010187E-4
27.0	28.88542880296682	23.59727154352517	23.180877122468015	24.336169743424563	2.527876154291449E-4
28.0	27.43852486554445	24.94383409833387	24.05511889075654	23.562149590968538	3.725543966009201E-4
29.0	25.151774231215263	25.798991210181843	23.56759763378175	25.481437322561906	1.9960225923143816E-4
30.0	25.958811913024242	23.395396638099395	20.856190390759526	29.789215097808995	3.8596030784194147E-4
31.0	28.497578026933883	23.694696950536905	24.036555220852797	23.770717220834158	4.5258084225294746E-4
32.0	28.564298039132147	23.35633527538424	23.996506438591073	24.082034786498664	8.254603938777467E-4
33.0	33.60823100034816	22.012742131532658	22.18305366298322	22.195227334661162	7.458704747971698E-4
34.0	25.52943649728138	23.147793770751907	21.009531663275975	30.312438220022102	7.998486686318949E-4
35.0	25.265994608107288	25.47444888855998	20.087725789848697	29.170895641415356	9.350720686759674E-4
36.0	25.25894198636213	25.04443956616054	20.621883392355038	29.073833275480354	9.017796419342608E-4
37.0	29.57952997256387	23.610666058202607	21.318912145819223	25.49038077990212	5.11043512178305E-4
38.0	30.78506169756568	25.71432817388372	20.350696835414734	23.147371669535598	0.002541623600266773
39.0	24.475312959226375	28.43387234217367	25.64799603536521	21.440142592614826	0.0026760706199124825
