# Position (bp)	A	C	G	T	N
0.0	20.15609327851019	31.63141968331789	28.536866725900545	19.671612483221192	0.004007829050186926
1.0	22.57866689851286	24.450111010503058	23.96054090848366	29.010278279050926	4.0290344948969094E-4
2.0	26.670427098861904	25.962949847002715	23.54164855368264	23.824295926222018	6.785742307194795E-4
3.0	29.408410503480876	23.904664561672856	23.93706648118971	22.74983724821185	2.1205444709983734E-5
4.0	30.258176289344053	21.70648695759123	24.22416699711818	23.810872879720595	2.9687622593977227E-4
5.0	30.235189587278427	22.706260059332834	22.706811400895294	24.349851667914255	0.0018872845791885525
6.0	27.837659597478247	21.699658804394616	19.31088666325966	31.15179493486748	0.0
7.0	26.613532890705017	24.34295989838351	21.31547976258384	27.728006242882923	2.1205444709983734E-5
8.0	25.726212262260457	24.583684106731244	21.325361499818694	28.364720925744898	2.1205444709983734E-5
9.0	32.34549182848188	21.254853396157998	21.111610617142055	25.288044158218064	0.0
10.0	29.051332020009458	24.02765614099076	23.544850575833852	23.376118852276512	4.241088941996747E-5
11.0	26.97856341594268	24.258477406658933	22.941619290168944	25.821212654561187	1.272326682599024E-4
12.0	27.55543633383308	23.82033050806125	22.18011056518872	26.44361366224392	5.089306730396096E-4
13.0	28.14600796900612	23.32802490367427	21.94549352491746	26.579413330166652	0.001060272235499187
14.0	27.978527366686674	23.42819942448423	22.378805582121267	26.212537931239225	0.00192969546860852
15.0	28.04799640355658	23.524641787025235	22.370174966124303	26.05091003165973	0.006276811634155186
16.0	28.278796463780044	23.49677783267632	22.179559223626256	26.033754826889353	0.011111653028031477
17.0	28.32856564251437	23.462849121140344	22.197880727855683	25.99454595962059	0.016158548869007607
18.0	28.152390807863824	23.540121761663524	22.23004938748073	26.064672365276508	0.012765677715410208
19.0	28.24253515332597	23.554795929402832	22.291184684579612	25.902175042463902	0.00930919022768286
20.0	28.165877470699375	23.721470724823305	22.187256800055984	25.920963066476947	0.004431937944386601
21.0	28.4783609039457	23.54277244225227	22.173324822881526	25.804439147795588	0.0011026831249191541
22.0	28.393517919661054	23.483800100513808	22.084876912996183	26.037741450494828	6.36163341299512E-5
23.0	28.418158646414053	23.475063457293295	22.153646170190658	25.952834849876055	2.9687622593977227E-4
24.0	28.469062475612695	23.646059180993678	22.182863230898164	25.701887874376954	1.2723811850449406E-4
25.0	28.800958230734174	23.51503820389421	22.024885920620644	25.659032815542915	8.482920805360018E-5
26.0	29.128405879045683	22.999907319412298	22.073313526127336	25.79830965029727	6.36251174148521E-5
27.0	28.99253529535903	23.153713104644787	22.732597290902902	25.120963423053304	1.9088603997365774E-4
28.0	27.87842317675384	24.477777893260328	23.330979610424567	24.312437520110755	3.817994505057464E-4
29.0	25.706135710085555	25.04745330399728	23.06149965168384	26.184784056708075	1.2727752524973972E-4
30.0	26.64998990144146	23.149354286286496	20.40757442807365	29.7927207213935	3.606628048873629E-4
31.0	29.01177776627283	23.368791677735466	23.435013498981956	24.18397147602732	4.455809824339246E-4
32.0	29.2526048309433	22.788795736009842	23.52486287738694	24.43295136078516	7.851948747571731E-4
33.0	33.422003579640204	21.840284027808437	21.896958834137678	22.840031856760053	7.217016536307537E-4
34.0	25.98119461486207	22.881633608207625	20.725845650933504	30.41028560580466	0.0010405201921437329
35.0	25.744321939032588	25.185145954715892	19.87637722875445	29.193112670451367	0.0010422070457024805
36.0	25.619633466626496	25.087773205335377	20.209470262386677	29.08228855687327	8.3450877817644E-4
37.0	28.669644294644293	24.240083615083616	20.81062706062706	26.279141904141905	5.031255031255031E-4
38.0	30.533814437582414	24.831621966918313	19.558713809942944	25.07313712331211	0.002712662244218556
39.0	23.139519686555353	28.81128816698685	26.03227291869561	22.014858078137244	0.0020611496249410347
