# Position (bp)	A	C	G	T	N
0.0	21.75211059384897	26.93976943045216	27.458716262268336	23.84715746046127	0.002246252969265644
1.0	25.092975114220923	18.74668651688735	24.066832681400005	32.09184179640337	0.0016638910883449212
2.0	26.45158378513176	20.98422485657779	23.608555478392606	28.955344698957386	2.911809404603612E-4
3.0	30.263558268529977	19.940881949631105	24.31496043994944	25.47951781268205	0.0010815292074241988
4.0	29.86580510386112	19.903111621925675	24.599319426947588	25.63097349899865	7.903482669638377E-4
5.0	31.00421858786811	20.926529433089428	21.9505296061341	26.118347997413483	3.743754948776073E-4
6.0	21.721806977402487	22.309098135672432	21.102423519766088	34.865797824337605	8.735428213810837E-4
7.0	24.56874542819925	23.92184537168935	22.263174741634113	29.245360915655905	8.735428213810837E-4
8.0	24.23675755879723	23.631912349545246	22.82057825622966	29.310606244957633	1.455904702301806E-4
9.0	30.871710461320045	19.94021639319577	22.67985466743289	26.507844102556422	3.743754948776073E-4
10.0	25.959113620258872	23.41801915013851	25.080828709276005	25.54183053394057	2.0798638604311516E-4
11.0	23.99632529653139	23.474383460756194	24.48170312564021	28.04721374157733	3.743754948776073E-4
12.0	24.926752394495267	23.119017921562925	22.689796416685752	29.264287676785827	1.455904702301806E-4
13.0	26.064271537042274	21.86282174713972	22.47975096542081	29.59305175720418	1.0399319302155758E-4
14.0	25.895968953456183	21.83488917549413	23.193081873632877	29.07583121239216	2.2878502464742666E-4
15.0	26.038377231979904	21.99293803024829	23.326442744363725	28.642075604299244	1.6638910883449211E-4
16.0	26.100960335540275	22.092605106440153	23.199571048877424	28.606489133647266	3.743754948776073E-4
17.0	26.38748238095327	21.958121109224674	23.141584444448604	28.512687273541825	1.247918316258691E-4
18.0	25.976542879409287	22.15814161668234	23.30466656974501	28.55902664035223	0.0016222938111362982
19.0	26.117058481820017	22.13079140691767	23.44102244443488	28.306239986755426	0.004887680072013206
20.0	26.156222318311933	22.21240526480099	23.26061505318108	28.35994207163176	0.010815292074241988
21.0	26.375918337889274	22.064776527987583	23.290773079157333	28.254347383437672	0.014184671528140454
22.0	26.269491704151015	22.081956203474746	23.19202114306406	28.43843613372443	0.01809481558575102
23.0	26.413834256064934	21.99726414707799	23.164858121046827	28.412937002795545	0.011106473014702349
24.0	26.373280786111756	22.1884095771388	23.267682585163563	28.16455367100497	0.006073380580906373
25.0	26.705623747317837	22.11432781355846	23.10490872528228	28.07393331175676	0.0012064020846628022
26.0	27.040309251287887	21.701214897944496	23.045140886642944	28.212752538647052	5.82425477620093E-4
27.0	26.777746829339428	21.992149821135822	23.75878329508231	27.471153640136137	1.6641430630508444E-4
28.0	26.08671050406209	22.958173349861983	24.197530812832184	26.757522924347725	6.240889601367338E-5
29.0	23.75734998417815	23.34573214611528	23.85766947950992	29.03920678111522	4.1609081431676954E-5
30.0	25.698153619075974	20.896160865113554	21.083480902739847	32.322183806668576	2.0806402046684157E-5
31.0	28.746654758602634	21.018031269904718	24.380221266090505	25.85498866243822	1.0404296391769202E-4
32.0	28.062981336936165	21.03501983098812	24.219111919695425	26.682845289989444	4.162239084840168E-5
33.0	31.524058889415514	19.358243666831733	21.685565790369285	27.432069207906178	6.244547729263887E-5
34.0	24.565663926874084	22.24422847683843	22.420900852129282	30.76743689714586	0.0017698470123420802
35.0	24.154703003588942	23.662623137262507	21.264010085989902	30.918371836633153	2.9193652549241875E-4
36.0	22.810171441084197	23.550297396943012	23.31745985801965	30.32186155930048	2.0974465266495264E-4
37.0	24.158966982954787	22.96927997939118	25.053024773517667	27.817976900948864	7.513631874973165E-4
38.0	29.25574313067	23.938160319387105	23.488155687177027	23.317033856596712	9.070061691536272E-4
39.0	21.47380947920083	26.718324391762906	31.235692904177082	20.56826808323234	0.0039051416268458847
