# Position (bp)	A	C	G	T	N
0.0	14.804136287114403	32.1206061139547	32.25080598131664	20.821525777898255	0.002925839715998492
1.0	17.263217043291423	23.741820152383735	30.491582334129895	28.5011048170825	0.002275653112443271
2.0	17.83426218324659	26.389617570242656	28.76558697346138	27.01021443154185	3.1884150751265613E-4
3.0	21.146631583264398	24.829738634988242	30.295576080335056	23.726990896387264	0.001062805025042187
4.0	21.19812136083056	24.789658381955622	29.74967565691353	24.26165684551466	8.87754785623474E-4
5.0	21.848658064864615	26.05653447539444	28.123796529603993	23.970373247121923	6.376830150253123E-4
6.0	15.231021303113993	26.32340481718253	26.184302394787306	32.26036497474775	9.06510168418336E-4
7.0	16.826985594865725	29.24873813784556	27.347848832614964	26.57545215476842	9.752799053328305E-4
8.0	16.589167341026876	28.19177854044111	28.223487640952953	26.99532265760273	2.4381997633320763E-4
9.0	21.707073680146202	25.735173494793006	28.020210550427972	24.53709839724001	4.43877392811737E-4
10.0	17.63549888818091	29.732501978067706	28.933991555576448	23.6978887940839	1.1878409103412679E-4
11.0	16.394586496324447	27.80019740665571	30.029543478978464	25.775291258591217	3.8135945016219653E-4
12.0	17.21921691525468	28.137012822680106	27.72728273014355	26.916337488859305	1.50043062358897E-4
13.0	18.07933251843279	27.48055566947714	27.513208790922995	26.926815496047368	8.752511970935658E-5
14.0	17.932434108589167	27.388979387084095	28.46088077278179	26.21750567412848	2.0005741647852933E-4
15.0	17.84674076459944	27.89627498091952	28.383389782867685	25.873106831660685	4.8763995266641526E-4
16.0	18.291738664833115	27.348512513035946	28.332095149300734	26.026884692087922	7.689807422839816E-4
17.0	18.259336802087457	27.773163136643337	27.93540149836974	26.031654673740217	4.438891592514253E-4
18.0	17.68661706866986	27.481535795660722	28.392123106532825	26.438060981578182	0.001663047558408606
19.0	18.04229779365333	27.866421280842975	28.51783661335552	25.56661067208256	0.006833640065612948
20.0	18.17599899563052	27.746657301554812	28.40935109003225	25.653712359434227	0.01428025334820047
21.0	18.002464210117868	27.564752416660344	28.929609198984153	25.481246880815938	0.02192729342169943
22.0	18.13061572440035	27.249892814980303	28.348078919937652	26.244476384062327	0.026936156619369784
23.0	18.317312339781207	27.866693211656568	28.190691737509233	25.604906254458985	0.02039645659400184
24.0	18.422951726456276	27.90335248974465	28.084607528471523	25.574806456298603	0.01428179902895022
25.0	18.75612736591832	27.641860050368372	28.0619945919723	25.534696508494175	0.005321483246832654
26.0	19.069167284091744	27.084716390522157	27.611964472335437	26.2305811266536	0.003570726397060773
27.0	18.76887957974524	27.560585850678383	28.688262292883937	24.98135298034313	9.192963493116003E-4
28.0	18.05644398492112	28.243206360968028	29.707209398958668	23.992815042056307	3.252130958810761E-4
29.0	16.849566302793782	27.606794375868244	29.15546144878628	26.388071545856924	1.0632669477402419E-4
30.0	17.654224673470708	26.01364102601313	26.04004410145537	30.292002626671273	8.757238952649233E-5
31.0	20.436288498044895	26.547086295864297	28.693715039632306	24.322778793830366	1.3137262813757718E-4
32.0	19.82670287800559	26.28273362448311	28.973819982795295	24.916668434187443	7.5080528559413E-5
33.0	22.18166987674778	24.814768713640177	26.28861492274997	26.71455848602574	3.880008363295446E-4
34.0	16.937461523527144	27.982930329355792	26.349502514427524	28.725297345305716	0.004808287383823983
35.0	17.086842303933015	29.516260546976795	25.22393162050171	28.172720986455374	2.445421331046593E-4
36.0	15.86361543074337	29.377659133353482	27.447247104586758	27.311327092023816	1.5123929257316769E-4
37.0	17.22169506130978	29.320728488778432	29.624144510760452	23.832519854068956	9.120850823795888E-4
38.0	20.566953652444152	30.48125077011379	28.4533905327711	20.497183846926674	0.001221197744286232
39.0	15.248284784245664	32.10232877598389	34.89599346930786	17.746850382710967	0.00654258775161336
