# Position (bp)	A	C	G	T	N
0.0	21.567100783555958	27.34368460429561	30.11056496691737	20.97495616544785	0.0036934797832094404
1.0	24.01307528963656	21.617139082528485	24.740542325329496	29.62818537111027	0.001057931395190644
2.0	26.427516016060515	23.544188959168117	24.468115710967947	25.559585387406123	5.939263973000105E-4
3.0	28.81992578518462	22.06471830349379	24.980451469438865	24.13458891848416	3.1552339856563065E-4
4.0	28.87569918593107	21.169801144162083	25.277674510887692	24.676305473421515	5.196855976375093E-4
5.0	29.7233620762776	21.91426932297773	23.26712229482766	25.094206934721736	0.0010393711952750187
6.0	24.660900507491547	22.199353993681736	21.369917219652358	31.769438514976134	3.8976419822813195E-4
7.0	25.27440791570254	24.153965767196073	22.6768151365112	27.89443997659188	3.712039983125066E-4
8.0	24.633375731016674	24.189972555032384	22.868894645438004	28.307682827713275	7.424079966250132E-5
9.0	30.447265553586732	21.084015900152064	22.64626504745008	25.822249336612053	2.041621990718786E-4
10.0	26.713769979359203	24.0168058898196	24.931842305859846	24.337507584161692	7.424079966250132E-5
11.0	25.16932006378027	24.095204174263202	24.067104031590944	26.668111887566763	2.5984279881875467E-4
12.0	26.007851335768308	23.539901552987608	23.145441624180823	27.30652708406453	2.7840299873437994E-4
13.0	26.663026392789885	22.852227585913774	22.984543251112267	27.499237639788465	9.651303956125172E-4
14.0	26.41123872073451	23.048780103020245	23.428113468895795	27.11056849335536	0.0012992139940937732
15.0	26.464432253692692	23.170330852267675	23.476128706077517	26.886379838574513	0.002728349387596924
16.0	26.642981376881007	23.209158790491163	23.271428261208086	26.87147599804227	0.004955573377471963
17.0	26.842986091171785	23.065113078945995	23.186422545594525	26.898518209319338	0.006960074968359499
18.0	26.55055158130119	23.247170079918362	23.276699357984125	26.919862439222303	0.005716541574012602
19.0	26.735207010261746	23.167973706878392	23.298878796883297	26.7921682638028	0.005772222173759478
20.0	26.631678215132393	23.314413684212674	23.204184656913775	26.843580017569085	0.006143426172071986
21.0	26.839682375586804	23.163092374300582	23.189392177581023	26.8014298035607	0.0064032689708907395
22.0	26.734724445063947	23.195739765952165	23.157097429727834	26.90469875589124	0.007739603364815763
23.0	26.7972723187796	23.207933817296734	23.181893856815112	26.807350507333783	0.005549499774771973
24.0	26.70882173273953	23.464202007235016	23.266407556431094	26.557747311278092	0.002821392316272139
25.0	26.968173489187926	23.350659654459903	23.08967888728894	26.59016997813434	0.001317990928881024
26.0	27.205051713264698	23.01855239245904	22.99653450301669	26.779155927685526	7.054635740381237E-4
27.0	27.0915183697886	23.130636848672854	23.46284388757058	26.31464813402056	3.52759947412775E-4
28.0	26.42559789067142	24.039364230540702	24.169396167557935	25.365474598930483	1.6711229946524063E-4
29.0	24.40464882641924	24.723180901074556	23.872542602016892	26.99953482023727	9.285025204200918E-5
30.0	25.814290474193474	22.60831483186727	21.294949090478205	30.282278449509665	1.6715395138940223E-4
31.0	28.141579835279494	22.829995493572675	24.018217408926887	25.010077233402843	1.300288181012003E-4
32.0	27.71477215049712	22.734769965674502	23.99024409819217	25.559935109282005	2.786763541998756E-4
33.0	31.211614246205116	21.489908464187046	22.04569413372862	25.2523371745335	4.459813457152621E-4
34.0	24.903681749555076	23.442577667103752	22.01247982642453	29.640071068982937	0.0011896879337016657
35.0	24.72236298356797	25.205944915296836	21.264852700749984	28.806280905699662	5.584946855507371E-4
36.0	23.88615578345268	25.147665390010932	22.44922068582942	28.51656497792017	3.9316278680523215E-4
37.0	25.4984373088814	24.47483724124339	23.57096488843371	26.4551854082878	5.751531536989441E-4
38.0	29.105342399643973	25.002750139915175	21.92095587349934	23.969814926661332	0.0011366602801771263
39.0	20.85075752450662	29.995751341101457	27.456893274446802	21.693744134146662	0.002853725798459507
