# Position (bp)	A	C	G	T	N
0.0	20.557991842133255	29.3692105275328	26.93582848131414	23.130327008365974	0.006642140653831746
1.0	21.775284068574177	23.85329713780968	23.55178210541407	30.818613486378123	0.0010232018239584152
2.0	27.313505570380098	25.149716971970047	21.405503554036617	26.130343194609516	9.307090037135868E-4
3.0	30.158544255502168	23.13188204390634	22.690280854448673	24.01928706534155	5.7808012653017805E-6
4.0	30.63406140598336	21.28607798069675	23.036718493476943	25.042858860580946	2.8325926199978727E-4
5.0	30.331505829359994	22.239147123704523	21.980560321505045	25.442907650543628	0.005879074886811911
6.0	26.491082535968147	21.40926685566033	18.915539025033183	33.18404221372316	6.936961518362138E-5
7.0	25.926419649174733	24.149996762751293	20.94501070604394	28.97852663561991	4.6246410122414244E-5
8.0	25.056461085958205	24.84409178987481	20.757764772259556	29.3415551742796	1.271776278366392E-4
9.0	32.31159790596255	21.346654997155845	20.49615461099832	25.84547108905671	1.213968265713374E-4
10.0	28.637436237762042	24.074823223097308	23.142830881502825	24.14467264478595	2.3701285187737302E-4
11.0	26.365835695754118	24.23831584448257	22.570346570597458	26.824935370641857	5.665185239995745E-4
12.0	27.116235727201676	23.380398690301664	21.865453006710354	27.636409567457328	0.001503008328978463
13.0	27.676927203525825	23.04374794781555	21.338908723460342	27.936404249120162	0.004011876078119436
14.0	27.406541785943865	23.134720417327607	21.788019173761636	27.664371303177592	0.006347319789301356
15.0	27.387112512891186	23.498084242460678	21.6886472000111	27.41140922060925	0.014746824027784844
16.0	27.815203969791845	23.33669005193472	21.43783557551345	27.389991351921307	0.020279050838678647
17.0	27.936248167486	23.274384575897297	21.573580350825267	27.190056559359583	0.02573034643185823
18.0	27.844905726692964	23.675913250983893	21.58352910980285	26.875060698413282	0.020591214107004943
19.0	28.11475352975725	23.26321606785273	21.882957272941688	26.7256327665065	0.01344036294182664
20.0	27.576121591061494	23.426899455679752	21.970675151341375	27.02006053655085	0.006243265366525924
21.0	27.70982574352666	23.4259918698811	21.840572438064495	27.021760092122847	0.0018498564048965698
22.0	27.75686412342242	23.234271595917367	21.669125434138177	27.339287944023344	4.5090249869353887E-4
23.0	27.96582852756055	23.00431132158366	21.753999158315334	27.275057461164575	8.035313758769476E-4
24.0	27.778505549241352	23.414717196231212	21.679074752599455	27.127309389716416	3.9311221156836747E-4
25.0	28.25326408675525	23.377096920927688	21.557356558594922	26.812062742801828	2.196909203130156E-4
26.0	28.743673275218413	22.73399154050798	21.53429732088334	26.987881758600246	1.5610479002344695E-4
27.0	28.55461120694136	23.073447204457185	22.280139246786753	26.091507459736018	2.9488207868043624E-4
28.0	27.18135317654418	24.51376186470085	23.284416689155403	25.02009819565243	3.700739471352836E-4
29.0	24.902299931071987	25.279012729215722	22.8864200590876	26.932041742190716	2.2553843397561863E-4
30.0	25.723517787647193	22.889206815506068	20.148313056112503	31.238499621582495	4.6271915174325105E-4
31.0	28.482740288203246	23.12753654460978	23.091981894086363	25.29729582759292	4.454455076965174E-4
32.0	28.564938077530588	22.81477626568227	22.927115870013097	25.692324997578464	8.447891955859418E-4
33.0	33.80193785315379	21.42570194877041	21.389210765871436	23.382344820144894	8.046120594792389E-4
34.0	25.63596595543202	22.288729450507315	20.193885018613685	31.880579463812946	8.401116340339304E-4
35.0	25.335369875280772	24.676596008538798	19.33161394633339	30.655369308628533	0.0010508612185066762
36.0	24.969607583653243	24.474879025748017	19.810114912153555	30.744438794925404	9.59683519782091E-4
37.0	29.007287177526425	23.14744009729686	20.465459998578204	27.379164272992245	6.484536062666557E-4
38.0	30.472390565719525	25.246218976324414	19.638816012974143	24.639856196181693	0.002718248800225385
39.0	24.001078043409308	28.91716942627972	24.625992124195754	22.45291879684748	0.0028416092677381304
