# Position (bp)	A	C	G	T	N
0.0	20.8359809584315	29.18291765976872	27.665652242621725	22.30873685019679	0.006712288981265787
1.0	22.104272558899876	24.217675056803127	23.56051438078797	30.116624641812027	9.133616969941574E-4
2.0	27.48888303955984	25.55427875627354	21.529921300097428	25.425997412427925	9.194916412692859E-4
3.0	30.52362229195919	23.22234987490623	22.850053839300568	23.403967863889736	6.129944275128572E-6
4.0	31.542946205693223	20.883236698848464	23.119495539913846	24.454064097884913	2.5745765955540004E-4
5.0	31.548303776989684	21.666956204367928	21.756667938834433	25.02194213553282	0.006129944275128573
6.0	28.54993348397467	20.661859891296473	18.381765818719646	32.406373376622184	6.742938702641429E-5
7.0	27.482238179965602	23.466799792709807	20.444148790421004	28.606770327293663	4.290960992590001E-5
8.0	26.515319159839645	23.787101640973823	20.50298399557369	29.194527774225815	6.742938702641429E-5
9.0	33.93583125293242	20.32895487760279	20.05385523842357	25.681260551932827	9.807910840205715E-5
10.0	30.46194279266285	23.059397566240484	22.611451888335463	23.866968684934474	2.3906782673001434E-4
11.0	27.989123272075982	23.39822410610394	22.14481601033558	26.46714392778141	6.926837030895287E-4
12.0	28.583488798936724	22.925121136893793	21.33190571017795	27.15765150065327	0.001832853338263443
13.0	29.155529068747448	22.5106633445638	21.088822769947726	27.24073676535836	0.0042480513826641
14.0	29.091556970292203	22.548932586673427	21.47350129298915	26.879597228333434	0.0064119217117844865
15.0	29.086033890500314	22.723065913697006	21.513229461836254	26.66266463038091	0.015006103585514746
16.0	29.325193666394455	22.725321733190253	21.28407375499912	26.64510234003267	0.02030850538350096
17.0	29.372277768371717	22.599798864268443	21.415444590759403	26.58644490326396	0.026033873336471048
18.0	29.2629747320019	22.72497232636657	21.341554242467005	26.64932587163823	0.02117282752629409
19.0	29.355438811447943	22.655740735723267	21.474586293125846	26.500429525195358	0.013804634507589545
20.0	29.308084991922573	22.77947979086101	21.448319481906918	26.45760573448931	0.006510000820186544
21.0	29.499351513195133	22.771798970684276	21.43056103334187	26.296431109663352	0.0018573731153639576
22.0	29.60461491628764	22.49716520726997	21.23127654495744	26.666324207113163	6.191243717879858E-4
23.0	29.620969607613684	22.42907378626184	21.389931762686317	26.55917891112819	8.45932309967743E-4
24.0	29.483311089871982	22.82506487752855	21.338458678011964	26.35282206291445	3.432916730497462E-4
25.0	29.887155933493915	22.62317855257729	21.283456423504575	26.205982262018683	2.268284055373105E-4
26.0	30.215220165902583	22.12492193926829	21.30183413444826	26.3579011438771	1.2261650376451058E-4
27.0	30.39592342791683	22.20763555312163	21.826303017981292	25.569911148710002	2.2685227024555346E-4
28.0	29.108816124613558	23.558616173421022	22.609439707449518	24.722704914715695	4.2307980020822887E-4
29.0	26.536741094547622	24.38811856173483	22.365642104127083	26.709320404960113	1.7783463035079107E-4
30.0	27.253274280779998	22.25868165943383	19.540983992650403	30.946508074759148	5.51992376617284E-4
31.0	29.995109135353655	22.70347588775512	22.682343279318303	24.61857482056759	4.968770053357843E-4
32.0	30.203074727874977	22.083128840886605	22.83310047935136	24.879935144884342	7.608070027130746E-4
33.0	35.334116077348895	20.767570754622884	21.065865828166103	22.831428450950657	0.0010188889114626659
34.0	27.035887448073453	21.738921834626037	19.790374684502947	31.433962134333342	8.538984642236817E-4
35.0	26.681729670054246	24.107489966409847	19.034922630377583	30.174872901292517	9.848318658107493E-4
36.0	26.63257575851537	23.765903254237003	19.538395402607925	30.062089946020283	0.001035638619423024
37.0	31.055992051546976	22.151234420381233	20.142282241268497	26.65004001684063	4.5126996265772834E-4
38.0	32.40201029555112	23.842421381542124	19.095501178452643	24.65740278340751	0.0026643610466070226
39.0	25.463036731693506	27.843091874114666	24.31314303833572	22.377787196569294	0.0029411592868133552
