# Position (bp)	A	C	G	T	N
0.0	14.945516957539432	32.97879464394821	33.19002050670093	18.881578282774793	0.004089609036634751
1.0	17.7005203742367	25.07202844282352	29.645673666143868	27.57996489127669	0.0018126255192255619
2.0	19.7846242431372	27.704571694105063	28.712770301161417	23.797553110335045	4.806512612777894E-4
3.0	22.317998548596123	25.338455880939257	30.117750597718356	22.2251269489594	6.680237868606564E-4
4.0	22.6637334448227	24.611910766360147	29.558647274642176	23.164983463967285	7.250502076902247E-4
5.0	22.935329920655068	25.61639450943103	28.311084339469485	23.135085326189497	0.002105904254920484
6.0	17.970511963654292	25.790675398117735	25.52568176715428	30.712495433813018	6.354372606723318E-4
7.0	18.370507499300203	28.73152792029857	27.084091648953173	25.813253787450474	6.191439975781694E-4
8.0	18.073917157881393	28.130522397859973	27.489309175420768	26.306080189575376	1.710792624887047E-4
9.0	23.496950552879298	25.54185690409101	27.243203509699214	23.717663168068594	3.25865261883247E-4
10.0	19.871487702007947	28.92233832439431	28.54823685712079	22.65772530405673	2.1181242022411058E-4
11.0	18.369782449092515	27.672726511387523	29.2128960851525	24.743971737054107	6.232173133517099E-4
12.0	19.227797903578427	27.744543141790817	27.458070916753485	25.56867154182823	9.164960490466324E-4
13.0	19.695821885958235	27.441818386817058	27.308641327601148	25.551734694841848	0.0019837047817142664
14.0	19.584514459130467	27.48068596592818	27.918929936687636	25.01274540505541	0.003124233198305631
15.0	19.49509295795393	27.71589551195551	27.944037855115745	24.83965799789035	0.0053156770844704675
16.0	19.820656794469937	27.432800065694433	27.886078644974035	24.85237081641957	0.008093678442025147
17.0	19.88611905226651	27.450559722467073	27.62709315477655	25.02780852678596	0.008419543703908395
18.0	19.410881227651753	27.55141909433571	27.834803746016707	25.195710602971307	0.0071853290245255975
19.0	19.75494606441118	27.649911869739924	27.955777151175088	24.63158895486212	0.007775959811688982
20.0	19.59987493291249	27.566942500748677	28.06270169023053	24.7599676480968	0.010513228011508257
21.0	19.549736489055977	27.476441570892153	28.331862323230318	24.628134783086157	0.013824833735396756
22.0	19.780897159204404	27.266906134185447	27.88930878438245	25.045995881714823	0.016892040512872818
23.0	19.963915310225357	27.72238837729853	27.651647102259453	24.648240669744357	0.013808540472302592
24.0	19.852474667429885	27.865808797545682	27.72985473425451	24.542794123020524	0.009067677749397495
25.0	20.227630040627822	27.686637107875466	27.568633059962245	24.51316455798304	0.0039352335514264754
26.0	20.611766839678193	26.894043542227337	27.31885559726701	25.172893719499545	0.002440301327919096
27.0	20.398186822767876	27.538843321344352	27.936113451506557	24.12595600853298	9.003958482380761E-4
28.0	19.50837007399226	28.244944082365247	29.118016794460882	23.128326792357225	3.422568243871678E-4
29.0	18.112735423374048	28.43722720455394	28.312835639122742	25.137042815562964	1.5891738630775134E-4
30.0	18.72787700509349	26.746596413732576	25.71850499352402	28.80685042722051	1.711604294040251E-4
31.0	21.361633712316916	27.106355443308406	28.190360871038905	23.34145025659118	1.9971674459423835E-4
32.0	21.00612187279135	26.690819946466938	28.5399534359703	23.762803090343628	3.016544277856013E-4
33.0	23.791204664747188	25.33796332122602	26.214858097522324	24.655505041144014	4.6887536045302984E-4
34.0	18.270397905189466	28.000667883179826	25.715015519637667	28.01020324513898	0.003715446854060592
35.0	18.19626136742941	29.830686674907597	24.975298648616924	26.99727967678681	4.7363225925649944E-4
36.0	17.359377283920942	29.35388345363811	26.78778004380537	26.498553415968967	4.058026666072036E-4
37.0	18.529753090623625	29.153606313913805	28.531239806022548	23.784647810340964	7.529790990571614E-4
38.0	21.8528856465481	29.442684309372915	27.919110437526623	20.783665665969487	0.0016539405828789626
39.0	15.716199765247927	32.78387809631883	33.6382981113449	17.85609112027927	0.005532906809065597
