# Position (bp)	A	C	G	T	N
0.0	15.739818571076079	31.237024345005533	32.105615687657384	20.914694718427608	0.002846677833392516
1.0	18.231853536947956	22.5712494403914	29.559636669347533	29.634807679332088	0.0024526739810198494
2.0	19.524388099704645	25.38440247099516	28.085018151264972	27.005920400386714	2.708776485062083E-4
3.0	22.302041383209627	23.60610055864821	29.59121115306705	24.499607719914483	0.0010391851606329082
4.0	22.3394421988961	23.68629019270236	29.10865000982547	24.86478034038978	8.372581862919165E-4
5.0	23.163397830122285	24.76553569502526	27.358071193541093	24.71222204875108	7.732325602813581E-4
6.0	16.302308320819606	25.344938060131884	25.462622085787444	32.88924502459323	8.865086678384998E-4
7.0	17.974470520385513	27.935621740541567	26.74561683026856	27.343364999751284	9.259090530757665E-4
8.0	17.75841850793696	27.019769635797612	27.468096769316162	27.753483609685993	2.3147726326894162E-4
9.0	22.93331435548111	24.439975236857876	27.356559203757612	25.269727649762096	4.2355414130061653E-4
10.0	18.892553671943528	28.233567453705778	28.354502011143413	24.519194636425556	1.822267817223583E-4
11.0	17.45110535318259	26.740647456680506	29.25301794638297	26.554830314853405	3.989289005273249E-4
12.0	18.33138383510545	27.06258307940606	26.899347283368062	27.70650850038686	1.7730173356769995E-4
13.0	19.165682067456412	26.44268204332368	26.90343507333643	27.48806291453515	1.379013483304333E-4
14.0	19.088038683298226	26.33503526580731	27.559983392737625	27.01675058127881	1.9207687803167494E-4
15.0	19.007090591828263	26.604593001408073	27.68140552994257	26.70652179801688	3.890788042180082E-4
16.0	19.35433111197245	26.276712845559846	27.550970554614594	26.817197480148362	7.880077047453331E-4
17.0	19.485376793271598	26.339167381209073	27.22490281648729	26.950045729072116	5.072799599298082E-4
18.0	18.854714526971286	26.351992206603803	27.66159698626453	27.129800136620837	0.001896143539543458
19.0	19.25138775544378	26.600229408743044	27.625757410843082	26.516208087224573	0.006417337745519806
20.0	19.219507918738678	26.48328414031068	27.874152214523278	26.408891287934566	0.014164438492797363
21.0	19.21627708714922	26.234707109848763	28.149324505020346	26.37840031480908	0.021290983172587968
22.0	19.334355116657154	25.99567482271058	27.627431927215667	27.016154650452094	0.026383482964504684
23.0	19.449483042320445	26.63206984506291	27.37677652643249	26.521369537690653	0.020301048493501644
24.0	19.525550078638776	26.698451510833277	27.32295169176181	26.43932008697769	0.013726631788446155
25.0	19.770037211524492	26.559059442393558	27.193379254636664	26.47210613288282	0.005417958562467831
26.0	20.159373028986476	25.927143828543464	26.79749414529711	27.112600177666746	0.0033888195062026973
27.0	19.914943805939824	26.552709999380824	27.634746317785574	25.896388123894553	0.0012117529992241333
28.0	19.156131583299224	27.089433228418052	28.769882330779346	24.98421295386557	3.3990363781129446E-4
29.0	17.787126485955813	26.84113534288082	28.127867981360367	27.24377166019483	9.852960817188804E-5
30.0	18.7051712681856	25.062333671356917	25.304736097716575	30.927689985038736	6.897770216945713E-5
31.0	21.463290333075296	25.699750637893036	27.863538418878765	24.973193930767877	2.266793850227707E-4
32.0	20.811911975883255	25.30880391485529	28.12339470731413	25.755835188858438	5.4213088882901355E-5
33.0	23.26544977744039	23.839604272750126	25.450590781152183	27.44397068029793	3.8448835936845323E-4
34.0	17.914444119013172	27.110569711815817	25.53930371514311	29.430667853997726	0.005014600030176354
35.0	17.922753737739882	28.37807392687636	24.76499119062508	28.933939264577624	2.4188018104879643E-4
36.0	16.66293190909952	28.050705864223644	27.215047043323537	28.071102051866394	2.1313148691082714E-4
37.0	17.467128796089625	27.87865954801386	29.063049228261544	25.590221110365707	9.413172692649183E-4
38.0	21.56719560242787	29.112889765227738	28.27378037310989	21.044830345256557	0.0013039139779425634
39.0	15.430164600094537	31.023614307890984	35.14922373262997	18.39050531377142	0.006492045613091087
