# Position (bp)	A	C	G	T	N
0.0	19.05590127385554	29.29139604424079	28.995128252264134	22.65268173192794	0.004892697711594033
1.0	21.176377059079115	22.600201911618424	25.31648818939218	30.90513675312976	0.0017960867805154946
2.0	24.47612147199721	24.667872745494847	23.60639332428368	27.249053967006382	5.584912178829203E-4
3.0	27.77031243703044	22.62317609026204	25.435575298001606	24.17032262097359	6.135537323220814E-4
4.0	28.01751428459281	21.69949454447162	25.36307632065671	24.919296052497543	6.187977813162872E-4
5.0	28.42652912994489	22.66304921678948	23.657237001307	25.250426282187675	0.0027583697709522635
6.0	22.002002754751377	22.88539689414381	21.406714045076114	33.70530421659034	5.820894383568465E-4
7.0	22.881238363291406	25.52802001569596	23.07006345745027	28.520111806270986	5.663572913742291E-4
8.0	22.487268694503705	25.054658067160485	23.69514098743712	28.762759197281884	1.730536168087922E-4
9.0	29.360530964155902	21.800041317862025	23.362324795995352	25.47680663321855	2.9628876817262904E-4
10.0	25.1522104885752	25.24308199157129	25.235433546113246	24.369058967731505	2.1500600876243878E-4
11.0	23.16402894935295	24.73838685029543	25.07691643311639	27.020035859331426	6.319079038018018E-4
12.0	24.004233101229104	24.462767501233465	23.447758220184454	28.08405077823129	0.0011903991216847222
13.0	24.752147234856228	23.84919017069091	23.38821990992874	28.008004201741816	0.002438482782305708
14.0	24.52063295986003	23.892529613603525	24.069288151026726	27.51390466145875	0.0036446140509730474
15.0	24.575338878967585	24.04833030922138	24.191804867678353	27.17759593338684	0.006930010745842996
16.0	24.797665580125937	23.9414251264255	24.099900287030398	27.150583837017685	0.010425169400481177
17.0	24.889724860219218	23.996458798595192	23.95908446141349	27.143766573325216	0.010965306446884378
18.0	24.538874384286373	24.04516028160438	24.11228410873022	27.29410034786661	0.009580877512414042
19.0	24.79672951738047	24.094239336141154	24.202869811056125	26.89739590752843	0.008765427893815035
20.0	24.751355383458105	24.080982380283803	24.208701193537685	26.948819051965618	0.010141990754794064
21.0	24.89838540713315	23.987813983828243	24.350904070113565	26.750163987967113	0.01273255095793174
22.0	24.926249661463864	23.838085896945678	24.01579098521233	27.204516258898593	0.015357197479531758
23.0	25.08087044605802	23.9592548930058	23.98823350774778	26.959060679651298	0.012580473537099771
24.0	25.035906649790395	24.181038110843737	23.925958906965235	26.848637220250787	0.008459112149839038
25.0	25.422174004299965	23.962172508532745	23.931271174520266	26.68055111364904	0.0038311989979828123
26.0	25.725672995477787	23.463560818196424	23.69395251239923	27.11422267539637	0.002590998530185277
27.0	25.659048694276184	23.69474825579334	24.442394654701317	26.20274098460264	0.0010674106265212567
28.0	24.68698079192744	24.705828538383752	25.1931631727519	25.413618333501457	4.0916343545580573E-4
29.0	22.52483688976706	25.128908399234305	24.810723928102306	27.53539437952533	1.364033709994629E-4
30.0	23.553586721462537	23.102384497640603	21.83950259111293	31.50427169868506	2.544910988721007E-4
31.0	26.508131101809816	23.558201567396484	25.036977802926906	24.896411375961584	2.78151905210659E-4
32.0	26.333972560342488	23.051736443057596	25.238867612817828	25.375042808192212	3.80575589871167E-4
33.0	30.17809259941294	21.50938016746587	22.961179597671645	25.350811966487502	5.3566896204318E-4
34.0	23.101002934118288	23.78519077340347	22.498250635187752	30.612215399382624	0.0033402579078569226
35.0	22.794792230559267	25.544216879039254	21.715863604593668	29.94443461477825	6.926710295635682E-4
36.0	22.043956043956044	25.265548309729862	23.21889674786826	29.47115848902425	4.4040942157793923E-4
37.0	24.87869192556626	23.960575411939825	24.96054756028458	26.19946845143114	7.166507781931638E-4
38.0	28.116910949427886	25.656416664586466	23.896846660073027	22.328012265546747	0.0018134603658678137
39.0	21.333545618048724	28.894074897086757	29.60408329307293	20.16307476472301	0.005221427068574876
