# Position (bp)	A	C	G	T	N
0.0	20.08147176061562	31.4803712262877	27.54254453587313	20.88934147417073	0.006271003052814024
1.0	22.32487769941576	24.04171167829562	24.311076364792473	29.321500972593046	8.33284903099649E-4
2.0	27.035298375820894	25.806758667017643	23.336571036897	23.82042112082375	9.507994407162661E-4
3.0	29.742096185862703	23.77472933197045	23.899113128467746	22.5840613536991	0.0
4.0	30.663559724733947	21.52945384370823	24.013486822988064	23.793296628913875	2.029796558832478E-4
5.0	30.323814513344523	22.581401251893052	22.724127999398323	24.365036903838067	0.005619331526030965
6.0	27.344682103946095	21.59832804589135	19.272672613899363	31.784242454284705	7.478197848330183E-5
7.0	26.418197489376688	24.436923751440087	21.212143225863798	27.932650068201166	8.546511826663066E-5
8.0	25.559144853119648	24.80908160893213	21.2396309445263	28.392035762024086	1.0683139783328832E-4
9.0	32.74720999121419	21.31032128047259	20.823319670309758	25.119020860326067	1.2819767739994598E-4
10.0	29.006294933285933	24.245674183038936	23.570606580130384	23.1771358587706	2.884447741498785E-4
11.0	26.578551417524455	24.413164448561965	23.19636551038059	25.81137378340404	5.448401289497705E-4
12.0	27.21157018224582	24.078504411709407	22.38219274435332	26.326034042465906	0.0016986192255492843
13.0	27.997015985395716	23.448103016234953	22.018730962644906	26.531919512370223	0.0042305233541982176
14.0	27.97589541804408	23.52247903540649	22.423451030196535	26.07158301910658	0.006591497246313889
15.0	27.901818526786474	23.69774662669178	22.43848220787168	25.946889411555567	0.015063227094493653
16.0	28.16858721031598	23.766129404444868	22.185986199092703	25.858988537418337	0.02030864872810811
17.0	28.159175364166867	23.50868710194621	22.381380825729785	25.924882143601913	0.02587456455522243
18.0	28.01905530276873	23.830869231531842	22.2319984821395	25.897234177842655	0.02084280571727455
19.0	28.10054629303596	23.649704547086152	22.503254084378003	25.732948854254623	0.013546221245260958
20.0	28.056734736784527	23.82094459467313	22.381925665858738	25.733888970555558	0.0065060321280472596
21.0	28.22442798196344	23.7657234451331	22.382983296697287	25.625091875002138	0.0017734012040325862
22.0	28.37931214254214	23.417720166691165	22.272444849359182	25.930042100117255	4.807412902497974E-4
23.0	28.43903089393095	23.24404436323359	22.51752675912853	25.798393768567294	0.0010042151396329102
24.0	28.176807148950534	23.868516402598004	22.347788601913088	25.606663493676184	2.243528621816393E-4
25.0	28.689177006692162	23.51722335673029	22.2508751690455	25.54256420951236	1.6025801968524043E-4
26.0	28.973597513124318	23.03163565283959	22.34316127884558	25.65149871227577	1.0684291473881981E-4
27.0	29.062125564078002	23.365036598690597	22.93350904864774	24.639104407506807	2.2438107685393796E-4
28.0	27.65341121768456	24.762432319483985	23.737576923459134	23.846023894236794	5.556451355245199E-4
29.0	25.3896221099133	25.5613733301089	23.31986602293443	25.728924809790758	2.1372725260776636E-4
30.0	26.24943062689715	23.16558192763281	20.52733514577982	30.05706449076189	5.878089283259993E-4
31.0	28.86016907666254	23.487497963820346	23.682094744668415	23.969682407279542	5.558075691584945E-4
32.0	28.844426395096917	23.0523461128914	23.783975393498878	24.318247245392936	0.0010048531198711735
33.0	33.801293379225875	21.87019933145612	21.961968013220336	22.36544870106098	0.0010905750366946424
34.0	25.74483013096467	22.924859757108404	20.77181986876795	30.557463488719073	0.0010267544399108009
35.0	25.44908896952664	25.333651790572237	19.800014566205544	29.41609865605333	0.0011460176422454233
36.0	25.270877011304616	25.129886996912692	20.270545320772744	29.32776452212225	9.261488876951858E-4
37.0	28.69960655903873	24.557326584643793	20.746292829811168	25.996278231399693	4.957951066124744E-4
38.0	30.632415313842863	25.501590779900834	19.26198312944797	24.601219546234518	0.002791230573810548
39.0	23.23025541130578	28.418235998816183	26.60989579847267	21.738997701831632	0.0026150895737300315
