# Position (bp)	A	C	G	T	N
0.0	20.40211619597977	31.28177395933865	26.87433805354181	21.43743115862704	0.004340632512734993
1.0	23.323425398501826	23.20303107427055	23.733837496035203	29.73913433812977	5.716930626529015E-4
2.0	27.874758565550117	25.157628481663686	22.951380257617597	24.01547043775173	7.622574168705352E-4
3.0	30.644060934857904	23.057228169476925	23.381949829063775	22.916761066601396	0.0
4.0	31.101140125357468	21.11298475866295	23.698434873784993	24.087292025474643	1.4821671994704852E-4
5.0	30.737924466218658	22.425676725782555	22.220989435535678	24.61339785983526	0.002011512627852801
6.0	27.14131871380071	21.663461656546286	19.098105493885637	32.09707178813309	4.234763427058529E-5
7.0	26.35043429616326	24.45008420827075	21.13928263954498	28.060177682203875	2.1173817135292646E-5
8.0	25.59611706071846	24.521291755296737	21.017194409942885	28.86539677404192	0.0
9.0	32.68583094739704	20.889876247508372	20.966970115697972	25.457280341762345	4.234763427058529E-5
10.0	28.85157027145257	24.04132366847392	23.592946916816963	23.514095621805136	6.352145140587793E-5
11.0	26.60079350997096	24.25342179471815	23.06391909569168	26.08171738289926	1.4821671994704852E-4
12.0	27.211954567764053	23.886437196129258	22.021426209035546	26.879716203094173	4.6582397697643826E-4
13.0	28.17618902628814	23.040881982648482	21.672206443023164	27.10974855245199	9.739955882234617E-4
14.0	27.99966291283121	23.16318195042193	22.187132501936347	26.64811699126834	0.0019056435421763382
15.0	28.14489412456218	23.21954665163608	22.252220815810237	26.376329874519726	0.007008533471781865
16.0	28.24091738527073	23.229159564615504	22.144170826968836	26.374572447697496	0.011179775447434518
17.0	28.376091033862437	23.262698890957807	22.091236284130606	26.253437039866483	0.016536751182663553
18.0	28.184277424433823	23.36909732206265	22.108556466547274	26.324326979635448	0.013741807320804926
19.0	28.285043620180684	23.339517499524646	22.2432007697106	26.12203233072486	0.010205779859211055
20.0	28.207483928014103	23.45914956633905	22.178938234704987	26.14960064063501	0.004827630306846723
21.0	28.490006170050314	23.32905763385981	22.162930828950707	26.01660789520824	0.0013974719309293147
22.0	28.434657812058656	23.21994895416165	22.039508648869084	26.30565167292212	2.3291198848821913E-4
23.0	28.559435116436937	23.182365428746508	22.097863688893952	26.159933463397035	4.023025255705602E-4
24.0	28.57040009316803	23.403682254666343	22.049124961621125	25.976665643229968	1.2704731453738898E-4
25.0	28.977166008431592	23.224549320197855	21.91252599006835	25.885631629333506	1.2705196870201803E-4
26.0	29.351656461464998	22.58081662083767	22.008104161879945	26.059380403259873	4.235255751212607E-5
27.0	29.00159337778301	22.846546961442968	23.089831437402957	25.061901159752004	1.2706361905988168E-4
28.0	27.806775848887177	24.499033201532477	23.507646496970416	24.18607852563763	4.6592697230064145E-4
29.0	25.651422385610704	24.89556591171388	23.288309249017082	26.164490652029198	2.1180162913577097E-4
30.0	26.67202577455525	22.687772655204956	20.22504016683136	30.41465302953758	5.083738708539728E-4
31.0	29.16564892077979	22.823579108460958	23.564851191604777	24.445624194056478	2.9658509799701256E-4
32.0	29.193241032303664	22.35801968484084	23.753446669268484	24.694699364842467	5.932487445373444E-4
33.0	34.17118364554844	21.306175090519705	22.139808284285493	22.382154850046472	6.781295998908211E-4
34.0	26.04233595860058	22.224184241994625	20.914808088675002	30.817993365358298	6.783453714905432E-4
35.0	25.70506154812286	24.634725870847237	19.94154085367847	29.717673913625	9.978137264351427E-4
36.0	25.47928345407371	24.47620627738919	20.23499371902351	29.808726489577936	7.900599356549565E-4
37.0	28.966684538502445	23.70600699055327	20.943934434395725	26.38304631339859	3.2772314997004607E-4
38.0	31.464295094181217	24.371885305620545	19.120374592994953	25.04089555945543	0.002549447747859618
39.0	23.853470054303024	27.377790623193615	26.839447210089023	21.927178439061418	0.0021136733529200395
