# Position (bp)	A	C	G	T	N
0.0	13.242786407779194	33.496196006739375	34.22552691707056	19.032648375710032	0.0028422927008387067
1.0	15.732830352278087	24.826930911895488	32.01373434940758	27.424157923648618	0.002346462770225566
2.0	17.23753452128598	27.719951903100025	30.301361241714574	24.74086600957329	2.863243261287149E-4
3.0	19.71375807940905	25.517552170038098	31.896418194416455	22.871342747956515	9.288081798809534E-4
4.0	19.71926807680699	25.705841840308402	31.068228572849222	23.505872372258494	7.891377768913363E-4
5.0	20.33968400688687	26.862242941860938	29.643974555963347	23.15349092903584	6.075662530048341E-4
6.0	14.378411536887024	27.14667473402914	27.479676908836986	30.99439879782891	8.380224179377024E-4
7.0	15.700336033022552	29.98234705776614	28.660010533941794	25.656461369331424	8.45005938087183E-4
8.0	15.495257980312898	29.002761702878317	29.480874442872224	26.020840500170888	2.653737656802724E-4
9.0	20.18724074554385	26.7187595368697	29.443477692471753	23.650103013905724	4.190112089688512E-4
10.0	16.352003215771358	30.61541712635688	29.981809326714632	23.05064462779444	1.2570336269065533E-4
11.0	15.188478923666354	28.71304338595695	31.371487935340426	24.726619628468345	3.7012656792248516E-4
12.0	16.08859880277324	29.204208325110237	28.74455302887141	25.962444304680925	1.9553856418546387E-4
13.0	16.866053150454494	28.629303995844523	28.80582643466295	25.698683732155185	1.326868828401362E-4
14.0	16.71103297017632	28.529516476428597	29.55286056857307	25.206366512177237	2.2347264478338725E-4
15.0	16.636029963770895	28.888637016595496	29.65823490410859	24.81672100543695	3.77110088071966E-4
16.0	17.089295339072947	28.411934947671785	29.377574212821102	25.120553016580416	6.424838537522384E-4
17.0	17.12678985875551	28.594770488705347	29.02960635433292	25.24833746827561	4.958299306131405E-4
18.0	16.449164931611087	28.555858314432434	29.572987073643876	25.420341569557326	0.0016481107552774811
19.0	16.940287969643474	28.78259924664578	29.538844643633063	24.7319480543424	0.006320085735280171
20.0	16.877052194689927	28.574741752916633	29.835141436535235	24.699628323090607	0.013436292767601159
21.0	16.72782135261567	28.330402349926597	30.148450084521546	24.772550240491483	0.020775972444705533
22.0	16.87434258887193	28.016863245775355	29.596004756056566	25.487488115794587	0.02530129350156913
23.0	17.00249716713505	28.826588440067358	29.28061501906571	24.87068266563199	0.019616708099891716
24.0	17.034522614381366	28.889420432820316	29.307414164869794	24.754549501968555	0.01409328595996543
25.0	17.34382403094885	28.804178083263306	29.123153696071945	24.72318710777565	0.005657081940247805
26.0	17.826032782635124	28.03552411316133	28.63490290144648	25.500201706628044	0.0033384961290207227
27.0	17.46168267198856	28.856432084531512	29.57975701562671	24.101101492000854	0.0010267358523657216
28.0	16.68474632435786	29.21406785033592	30.915816503651715	23.1850340388847	3.3528276980448964E-4
29.0	15.5118480743919	28.682253881540355	30.389808905451098	25.41599134130549	9.779731116072694E-5
30.0	16.062526232955914	27.2260217509279	27.293507863878695	29.417867304696866	7.68475406271989E-5
31.0	18.7165414449547	27.818756725774406	29.666264637042435	23.798234558677052	2.0263355140662972E-4
32.0	18.19956192210868	27.437828551430265	30.066603381294925	24.29592927468367	7.687048246151025E-5
33.0	20.411641844644052	26.02484632241424	27.418266183997652	26.144952094333913	2.9355461013885905E-4
34.0	15.55191234672597	29.319382562328585	27.22928375524255	27.89442959584385	0.004991739859042775
35.0	15.756425720067213	30.528996811457816	26.31998676549253	27.39434577502065	2.44927961787879E-4
36.0	14.585936717799841	30.062815434007568	28.718545767867532	26.63249846693157	2.036133934924317E-4
37.0	15.119711178758925	30.01639323831921	30.68291646653804	24.179983546597754	9.955697860756889E-4
38.0	18.950284679810792	31.153585419112805	30.20662247818555	19.68854896566972	9.584572211356104E-4
39.0	13.564319147872709	32.835902708682504	36.64221039920136	16.951399189737337	0.00616855450608754
