# Position (bp)	A	C	G	T	N
0.0	19.86926483337565	30.12598373010671	28.64850627019056	21.349032729356715	0.007212436970367117
1.0	21.094306999328953	24.53975636582845	23.746826893228153	30.618110721628682	9.990199857603103E-4
2.0	24.934344893862654	26.612211143117655	23.719219828743608	24.733322579654786	9.015546212958897E-4
3.0	27.116618770562145	24.47338245262818	24.373382988687684	24.036615788121992	0.0
4.0	27.96215517363211	22.55857790236017	24.338124893092676	25.140898367503876	2.4366341116105128E-4
5.0	27.68415958783847	23.05574872649318	23.618196978476234	25.636534112146574	0.005360595045543128
6.0	25.480053469498948	22.149052807221796	20.277620344140455	32.0932733791388	0.0
7.0	24.653400980793965	24.65035518815445	21.93599352050257	28.76017721152567	7.309902334831539E-5
8.0	23.952088950790223	25.83748332733109	21.862626467401977	28.347703789112245	9.74653644644205E-5
9.0	30.171110193853735	22.56579033933054	21.40955872068912	25.85346764710326	7.309902334831539E-5
10.0	27.201194340576144	24.842167025420427	23.84044237579623	24.11595259479603	2.4366341116105128E-4
11.0	24.944724955178117	24.848209878017226	23.343515215074383	26.862989525884608	5.604258456704179E-4
12.0	25.54991176947882	24.093852323403723	23.42723796314932	26.927682161547867	0.0013157824202696768
13.0	25.672206435540552	24.044681047031425	22.7592347214513	27.520174112127076	0.0037036838496479793
14.0	25.80726906434712	24.041513422686332	23.095124733736807	27.04970879785732	0.006383981372419543
15.0	25.639653003809432	24.715388952593333	22.713962059657575	26.917253367550174	0.013742616389483294
16.0	26.31333360298751	24.599965594726346	22.270202255251068	26.797297870235585	0.01920067679949084
17.0	26.064675091897655	24.376258216939384	22.774268753919934	26.759822437599016	0.024975499644007755
18.0	26.138821867913965	24.81631433749624	22.50860253673104	26.51525747181667	0.021003786042082622
19.0	26.520983561978955	24.11622062454831	22.817080415260932	26.532192078892365	0.013523319319438346
20.0	25.58958017281584	24.509980696984567	23.07597278961955	26.81854531968883	0.005921020891213546
21.0	25.696402212268843	24.45910377673414	23.084817771444698	26.757848763968617	0.0018274755837078846
22.0	26.01401746871727	24.17538210077821	22.936353655024266	26.873564517929	6.822575512509436E-4
23.0	26.411773621096575	23.80718232017275	22.879312050471466	26.900781720955685	9.502873035281001E-4
24.0	25.88452679074657	24.751739885926934	22.722967468927433	26.640327243052337	4.3861134672933615E-4
25.0	26.32109665631334	24.634924704057877	22.52086788570437	26.522842701442656	2.680524817517181E-4
26.0	26.71042643229563	24.068805265793664	22.62385569268898	26.59662017343879	2.924357829297923E-4
27.0	26.76526182698372	24.634362470279612	22.55627498632789	26.04378389391418	3.1682249459208373E-4
28.0	25.288184982379995	25.412971510894327	24.129108236958892	25.169345311865175	3.8995790160728457E-4
29.0	22.888653378071723	26.94326079675996	23.580130578506754	26.587760251504754	1.949951568077928E-4
30.0	23.564127341035785	24.401473925002996	21.238741527807708	30.795169668113353	4.8753804015558316E-4
31.0	26.435782024145098	24.794487751669916	23.689653709606404	25.079759572977267	3.169416013157465E-4
32.0	26.624121104893916	24.542301566479047	23.431936041697348	25.4008854054402	7.558814894864201E-4
33.0	31.29763675828598	23.049801234056044	21.952320561910106	23.699363461210154	8.779845377167524E-4
34.0	24.16473646742066	24.093082852267663	20.479857209983397	31.261493976656098	8.294936721831249E-4
35.0	23.6626565479266	26.229914288750532	19.745174848750242	30.361277130596974	9.771839756485753E-4
36.0	22.73613207023671	26.367248404146398	20.486517437146766	30.409218163095037	8.839253750912775E-4
37.0	24.656463918110372	26.249001997760864	21.14595497335064	27.948102378093182	4.767326849434269E-4
38.0	27.318867811669417	26.929791330731916	19.876417235563146	25.87217262719755	0.002750994837972714
39.0	19.965012643098685	32.18312945980205	25.536347756952388	22.31274590201697	0.0027642381299007638
