# Position (bp)	A	C	G	T	N
0.0	19.93246536798073	30.707564454009926	27.275878439529976	22.077667161334205	0.00642457714516444
1.0	21.31094803973825	24.537972052342376	24.045586110064214	30.104522640844845	9.71157010315555E-4
2.0	26.923311092592723	26.174436981061316	22.101656607098636	24.7995494578516	0.0010458613957244438
3.0	29.955534082194994	23.731089985540965	23.612627506378818	22.700729749788866	1.8676096352222213E-5
4.0	30.485430963996595	21.697814037626358	23.932446318362448	23.884056552713844	2.521273007549999E-4
5.0	30.04100523715094	22.890843072606312	22.662593161037627	24.40017981345568	0.005378715749439997
6.0	26.347704464969055	22.10961262414468	19.461267457014163	32.08136876363122	4.669024088055553E-5
7.0	25.534014961047262	25.054683610119305	21.484010086586117	27.927263328102782	2.8014144528333318E-5
8.0	24.856829045363867	25.253453303596007	21.42121171260177	28.468347191619365	1.5874681899388882E-4
9.0	32.28510629873761	21.557621920358404	21.187881902825282	24.969175102970656	2.1477510805055546E-4
10.0	28.272640377944423	24.723659140324344	23.970835034414442	23.032585305871503	2.801414452833332E-4
11.0	25.838360627203077	24.90786147864631	23.513784266434683	25.739311950199067	6.816775168561108E-4
12.0	26.578092789570075	24.498304023690253	22.49354647490549	26.42827314463255	0.0017835672016372215
13.0	27.40512636433553	23.775735193870954	22.112180587393112	26.70262500004669	0.004332854353715553
14.0	27.298504530260693	23.810566113567848	22.604566529671274	26.279611417668857	0.0067514088313283295
15.0	27.335782018579728	24.00952256800807	22.657998841334983	25.980961960900473	0.015734611176747213
16.0	27.565143157881366	23.99225651693044	22.43128036966718	25.98974906423419	0.021570891286816656
17.0	27.597901030883165	23.891947203422657	22.610085316143355	25.873406322008023	0.02666012754279721
18.0	27.439546409912673	24.15052709546735	22.593062054318306	25.79510678805133	0.021757652250338877
19.0	27.60793009462431	23.981246958130807	22.761025526862017	25.635575573010648	0.014221847372217215
20.0	27.453254664635207	24.170463828323346	22.693315339537033	25.676326815251198	0.006639352253214997
21.0	27.65512459010638	24.156391389721946	22.653619296740384	25.532866381121604	0.001998342309687777
22.0	27.814198240786432	23.774390514933593	22.538705275885164	25.872183037696956	5.229306978622219E-4
23.0	27.866622043247112	23.647841286050937	22.653553930403152	25.830974231095777	0.0010085092030199996
24.0	27.63584305972738	24.114076746256796	22.581252763600183	25.668491245895165	3.361845204771392E-4
25.0	28.176861829917314	23.91800997381451	22.467810731931998	25.43712134633328	1.9611800289488852E-4
26.0	28.62076871817885	23.254310958733313	22.543711979811913	25.58106825200179	1.4009127413480796E-4
27.0	28.456953059102418	23.49172514941319	23.4692812989675	24.58179765435144	2.4283816545479526E-4
28.0	27.086825168261917	25.165403690366684	24.12908997706691	23.61815808961166	5.230746928243866E-4
29.0	24.824429326416563	25.815283340959194	23.745876384868627	25.61412135820117	2.8958955444872145E-4
30.0	25.77947933992245	23.40622432404201	20.704971061671255	30.108746003262976	5.79271101304612E-4
31.0	28.352084945884172	23.597838861818747	24.078709581801615	23.97075920271842	6.074077770435931E-4
32.0	28.483594663277916	23.174258502745182	24.158544123163004	24.18267738437696	9.253264369408259E-4
33.0	33.51920715363769	21.956222297172264	22.490878749147576	22.032840897838344	8.509022041265764E-4
34.0	25.400157871220586	22.917757405056857	21.147031566195192	30.534210828273583	8.423292537767704E-4
35.0	25.017735718104312	25.322525581264475	20.187711614034757	29.47077967754945	0.0012474090469982461
36.0	24.85450801155845	24.981171958619143	20.613709082563986	29.54963740897417	9.735382842512507E-4
37.0	29.06853422965695	23.461983021878215	21.51742436541652	25.951621697969387	4.366850789269464E-4
38.0	30.951594901320107	25.44896748092123	20.168236489402926	23.42808805944849	0.0031130689072435256
39.0	24.29403418231851	28.34033566245029	25.77110593017488	21.592003000257513	0.002521224798807786
