"ID","Description","GeneRatio","BgRatio","pvalue","p.adjust","qvalue","geneID","Count"
"GO:0005758","mitochondrial intermembrane space","7/400","75/23407",0.000295211721830479,0.0704728759570987,0.0659809523639591,"Timm9/Timm10/Thop1/Hax1/Chchd4/Shmt2/Uqcc2",7
"GO:0005741","mitochondrial outer membrane","10/400","169/23407",0.000683124868786813,0.0704728759570987,0.0659809523639591,"Dmpk/Bcl2a1a/Bcl2a1b/Acsl6/Myo19/Bcl2l1/Hax1/Hk2/Bcl2a1d/Akap1",10
"GO:0031970","organelle envelope lumen","7/400","88/23407",0.000781418796341482,0.0704728759570987,0.0659809523639591,"Timm9/Timm10/Thop1/Hax1/Chchd4/Shmt2/Uqcc2",7
"GO:0009295","nucleoid","5/400","47/23407",0.00120878770419115,0.0704728759570987,0.0659809523639591,"Tufm/Atad3a/Shmt2/Top1mt/Uqcc2",5
"GO:0042645","mitochondrial nucleoid","5/400","47/23407",0.00120878770419115,0.0704728759570987,0.0659809523639591,"Tufm/Atad3a/Shmt2/Top1mt/Uqcc2",5
"GO:0017101","aminoacyl-tRNA synthetase multienzyme complex","3/400","13/23407",0.00124710689918064,0.0704728759570987,0.0659809523639591,"Yars/Mars/Lars",3
"GO:0019867","outer membrane","10/400","186/23407",0.00141654022024319,0.0704728759570987,0.0659809523639591,"Dmpk/Bcl2a1a/Bcl2a1b/Acsl6/Myo19/Bcl2l1/Hax1/Hk2/Bcl2a1d/Akap1",10
"GO:0031968","organelle outer membrane","10/400","186/23407",0.00141654022024319,0.0704728759570987,0.0659809523639591,"Dmpk/Bcl2a1a/Bcl2a1b/Acsl6/Myo19/Bcl2l1/Hax1/Hk2/Bcl2a1d/Akap1",10
"GO:0005743","mitochondrial inner membrane","16/400","434/23407",0.00349080916787545,0.145212288095824,0.135956492954037,"Coq4/Timm9/Timm10/AA467197/Slc9b2/Tufm/Bcl2l1/Atad3a/Timm50/Shmt2/Mtfp1/Akap1/Slc25a39/Prodh/Uqcc2/Aldh18a1",16
"GO:0019866","organelle inner membrane","17/400","476/23407",0.00364854995215637,0.145212288095824,0.135956492954037,"Coq4/Timm9/Timm10/AA467197/Slc9b2/Tufm/Bcl2l1/Atad3a/Timm50/Shmt2/Mtfp1/Akap1/Slc25a39/Prodh/Psen2/Uqcc2/Aldh18a1",17
"GO:0005802","trans-Golgi network","10/400","216/23407",0.00418271197728542,0.151338124269054,0.14169186985254,"Chac1/Scamp4/Snx9/Furin/Dennd5a/Atp7b/Chst2/Chst3/Pcsk4/Cpd",10
"GO:0070160","tight junction","7/400","128/23407",0.00652691478418875,0.216476007008927,0.202677880140598,"Epha2/Cdk4/Jam2/Cldn12/Atp7b/Ccdc85c/Synpo",7
"GO:0043296","apical junction complex","7/400","141/23407",0.0108291990644289,0.331540094434055,0.310407811239501,"Cdk4/Jam2/Cldn12/Atp7b/Kifc3/Ccdc85c/Synpo",7
"GO:0016528","sarcoplasm","5/400","83/23407",0.0139131173264457,0.338226267980277,0.316667809746147,"Dmpk/Hax1/Hk2/Jph4/Tmem109",5
"GO:0032797","SMN complex","2/400","11/23407",0.0144680957093975,0.338226267980277,0.316667809746147,"Gemin5/Gemin4",2
"GO:0008021","synaptic vesicle","9/400","225/23407",0.0157140226230837,0.338226267980277,0.316667809746147,"Slc9b2/Syngr1/Syt7/Sema4c/Bcl2l1/Ptpn5/Stx11/Psen2/Ptprs",9
"GO:0016323","basolateral plasma membrane","9/400","227/23407",0.0165507585040427,0.338226267980277,0.316667809746147,"Slc9b2/Slc19a1/Slc29a2/Cd44/Atp7b/Myo1d/Itga3/Pdgfb/Hspa1a",9
"GO:0034399","nuclear periphery","6/400","119/23407",0.0165706832848137,0.338226267980277,0.316667809746147,"Cad/Jak2/Clic4/Lmnb2/Xpot/Ipo4",6
"GO:0005675","transcription factor TFIIH holo complex","2/400","12/23407",0.017167398712487,0.338226267980277,0.316667809746147,"Gtf2h2/Gtf2h4",2
"GO:0005911","cell-cell junction","15/400","475/23407",0.0173443866320723,0.338226267980277,0.316667809746147,"Ssx2ip/Epha2/Kit/Mmp13/Cdk4/Jam2/Clic4/Kazn/Cldn12/Atp7b/Kifc3/Rangrf/Ccdc85c/Ndrg1/Synpo",15
"GO:0005923","bicellular tight junction","6/400","121/23407",0.0178461096170498,0.338226267980277,0.316667809746147,"Cdk4/Jam2/Cldn12/Atp7b/Ccdc85c/Synpo",6
"GO:0031965","nuclear membrane","9/400","238/23407",0.0217454224398127,0.389267044259899,0.364455259635029,"Dmpk/Aen/Cdk4/Nr4a1/Rcc1/Lmnb2/Ipo4/Psen2/Tmem109",9
"GO:0030133","transport vesicle","11/400","323/23407",0.0238371198843656,0.389267044259899,0.364455259635029,"Slc9b2/Scamp4/Syngr1/Syt7/Sema4c/Bcl2l1/Ptpn5/Furin/Stx11/Psen2/Ptprs",11
"GO:0070382","exocytic vesicle","9/400","246/23407",0.0261954101157429,0.389267044259899,0.364455259635029,"Slc9b2/Syngr1/Syt7/Sema4c/Bcl2l1/Ptpn5/Stx11/Psen2/Ptprs",9
"GO:0005852","eukaryotic translation initiation factor 3 complex","2/400","15/23407",0.0264075633040635,0.389267044259899,0.364455259635029,"Eif3k/Eif3c",2
"GO:0034719","SMN-Sm protein complex","2/400","15/23407",0.0264075633040635,0.389267044259899,0.364455259635029,"Gemin5/Gemin4",2
"GO:0097449","astrocyte projection","2/400","15/23407",0.0264075633040635,0.389267044259899,0.364455259635029,"Adgrg1/Slc7a11",2
"GO:0005903","brush border","6/400","134/23407",0.0277993547530774,0.395147971133028,0.36996133769133,"Slc19a1/Slc46a1/Soat2/Slc7a11/Slc5a6/Myo1d",6
"GO:0043196","varicosity","2/400","16/23407",0.0298442570033878,0.409586699563735,0.383479745161498,"Mgll/Map1b",2
"GO:0031012","extracellular matrix","14/400","474/23407",0.0343832693748233,0.436920036716816,0.409070862199822,"Lad1/Egfl7/Lingo4/F3/Lrrc32/Mmp13/Plscr1/Adam19/Wnt3/Ccn4/Serpine2/Alpl/Mmp23/Vegfa",14
"GO:0030658","transport vesicle membrane","6/400","141/23407",0.0344305811017012,0.436920036716816,0.409070862199822,"Slc9b2/Syngr1/Sema4c/Bcl2l1/Furin/Ptprs",6
"GO:0005769","early endosome","9/400","261/23407",0.036207449090739,0.436920036716816,0.409070862199822,"Sh3gl3/Eea1/Havcr2/Rab34/Furin/Ankrd13b/Litaf/Psen2/Lipg",9
"GO:0016529","sarcoplasmic reticulum","4/400","74/23407",0.0379618107421598,0.436920036716816,0.409070862199822,"Dmpk/Hax1/Hk2/Tmem109",4
"GO:0031526","brush border membrane","4/400","74/23407",0.0379618107421598,0.436920036716816,0.409070862199822,"Slc19a1/Slc46a1/Slc7a11/Slc5a6",4
"GO:0098791","Golgi subcompartment","13/400","438/23407",0.0392048747300107,0.436920036716816,0.409070862199822,"Chac1/Hyal2/Scamp4/Rab34/Snx9/Cabp1/Furin/Dennd5a/Atp7b/Chst2/Chst3/Pcsk4/Cpd",13
"GO:0030672","synaptic vesicle membrane","5/400","110/23407",0.0406181943681462,0.436920036716816,0.409070862199822,"Slc9b2/Syngr1/Sema4c/Bcl2l1/Ptprs",5
"GO:0099501","exocytic vesicle membrane","5/400","110/23407",0.0406181943681462,0.436920036716816,0.409070862199822,"Slc9b2/Syngr1/Sema4c/Bcl2l1/Ptprs",5
"GO:0000791","euchromatin","3/400","46/23407",0.0437972805688276,0.444602843592355,0.416263968875149,"Myc/Rrp1b/Ruvbl2",3
"GO:0098685","Schaffer collateral - CA1 synapse","5/400","113/23407",0.0447342293161402,0.444602843592355,0.416263968875149,"Pde4a/Adora2b/Nefh/Ptprs/Synpo",5
"GO:0098862","cluster of actin-based cell projections","7/400","191/23407",0.0463976419319783,0.444602843592355,0.416263968875149,"Slc19a1/Slc46a1/Soat2/Slc7a11/Slc5a6/Cdh23/Myo1d",7
"GO:0030673","axolemma","2/400","21/23407",0.0493980209373333,0.444602843592355,0.416263968875149,"Kcnc3/Myo1d",2
"GO:0031362","anchored component of external side of plasma membrane","2/400","21/23407",0.0493980209373333,0.444602843592355,0.416263968875149,"Hyal2/Izumo1r",2
"GO:0032806","carboxy-terminal domain protein kinase complex","2/400","21/23407",0.0493980209373333,0.444602843592355,0.416263968875149,"Gtf2h2/Gtf2h4",2
"GO:0045121","membrane raft","11/400","364/23407",0.0494744452949671,0.444602843592355,0.416263968875149,"Cflar/Rgs16/Plscr1/Hyal2/Jak2/Sdc4/Furin/Rangrf/Myo1d/Hspa1a/Tnf",11
"GO:0098857","membrane microdomain","11/400","365/23407",0.050269165732804,0.444602843592355,0.416263968875149,"Cflar/Rgs16/Plscr1/Hyal2/Jak2/Sdc4/Furin/Rangrf/Myo1d/Hspa1a/Tnf",11
"GO:0000139","Golgi membrane","8/400","241/23407",0.0559341479356747,0.464133683104425,0.43454991753231,"Hyal2/Scamp4/Cabp1/Furin/Atp7b/Chst2/Chst3/Pcsk4",8
"GO:0097470","ribbon synapse","2/400","23/23407",0.0582084298951332,0.464133683104425,0.43454991753231,"Cdh23/Nlgn2",2
"GO:0044304","main axon","4/400","86/23407",0.0599397347927328,0.464133683104425,0.43454991753231,"Mgll/Kcnc3/Myo1d/Map1b",4
"GO:0098589","membrane region","11/400","377/23407",0.0604840091700045,0.464133683104425,0.43454991753231,"Cflar/Rgs16/Plscr1/Hyal2/Jak2/Sdc4/Furin/Rangrf/Myo1d/Hspa1a/Tnf",11
"GO:0045335","phagocytic vesicle","4/400","87/23407",0.0620205466912868,0.464133683104425,0.43454991753231,"Slamf1/Rab34/Syt7/Stx11",4
"GO:0031233","intrinsic component of external side of plasma membrane","2/400","24/23407",0.0628019244511754,0.464133683104425,0.43454991753231,"Hyal2/Izumo1r",2
"GO:0060077","inhibitory synapse","2/400","24/23407",0.0628019244511754,0.464133683104425,0.43454991753231,"Igsf9/Nlgn2",2
"GO:0030027","lamellipodium","6/400","164/23407",0.0630087818453659,0.464133683104425,0.43454991753231,"Epha2/Mcf2l/Myo10/Cd44/Hax1/Plxnd1",6
"GO:0031252","cell leading edge","11/400","380/23407",0.063236427651556,0.464133683104425,0.43454991753231,"Ssx2ip/Epha2/Kcnc3/Mcf2l/Rab34/Myo10/Cd44/Hax1/Plxnd1/Plek/Myo1d",11
"GO:0016363","nuclear matrix","4/400","88/23407",0.0641390768109129,0.464133683104425,0.43454991753231,"Cad/Jak2/Clic4/Xpot",4
"GO:0031253","cell projection membrane","9/400","296/23407",0.0689986575309224,0.490383316023341,0.459126405374935,"Kcnc3/Slc19a1/Slc46a1/Cd44/Slc7a11/Slc5a6/Plek/Myo1d/Itga3",9
"GO:0030139","endocytic vesicle","6/400","170/23407",0.0722304298709584,0.496388034067863,0.46474838418414,"Slamf1/Dab2ip/Hyal2/Rab34/Syt7/Stx11",6
"GO:0097440","apical dendrite","2/400","26/23407",0.0723379547134071,0.496388034067863,0.46474838418414,"Myo1d/Map1b",2
"GO:0044431","Golgi apparatus part","13/400","491/23407",0.0804687165375331,0.5255444236254,0.492046352719893,"Chac1/Hyal2/Scamp4/Rab34/Snx9/Cabp1/Furin/Dennd5a/Atp7b/Chst2/Chst3/Pcsk4/Cpd",13
"GO:0005942","phosphatidylinositol 3-kinase complex","2/400","28/23407",0.0823044030551447,0.5255444236254,0.492046352719893,"Cish/Socs2",2
"GO:0097386","glial cell projection","2/400","28/23407",0.0823044030551447,0.5255444236254,0.492046352719893,"Adgrg1/Slc7a11",2
"GO:0016459","myosin complex","3/400","60/23407",0.0831860991163992,0.5255444236254,0.492046352719893,"Myo19/Myo10/Myo1d",3
"GO:0005759","mitochondrial matrix","8/400","263/23407",0.0831891926844225,0.5255444236254,0.492046352719893,"Mrpl20/Tufm/Mrps6/Atad3a/Shmt2/C1qbp/Top1mt/Uqcc2",8
"GO:0031594","neuromuscular junction","4/400","97/23407",0.0848669334941686,0.527766242666861,0.494126553568021,"Kcnc3/Syngr1/Serpine2/Akap1",4
"GO:0043204","perikaryon","5/400","137/23407",0.0863220644984416,0.528556641082766,0.494866572185398,"Ifng/Ppp5c/Ptpn5/Nefh/Map1b",5
"GO:0097228","sperm principal piece","2/400","30/23407",0.0926613159577005,0.558735541594603,0.523121877081432,"Slc9b2/Catsperd",2
"GO:0005635","nuclear envelope","11/400","409/23407",0.0940584956955738,0.558735541594603,0.523121877081432,"Dmpk/Aen/Cdk4/Myc/Nr4a1/Rcc1/Lmnb2/Xpot/Ipo4/Psen2/Tmem109",11
"GO:0032588","trans-Golgi network membrane","2/400","31/23407",0.0979743159922085,0.570557455923421,0.534190265529994,"Scamp4/Atp7b",2
"GO:0045177","apical part of cell","11/400","413/23407",0.0989157398460202,0.570557455923421,0.534190265529994,"Hyal2/Slc19a1/Reep6/Slc46a1/Cd44/Hax1/Clic4/Atp7b/Cdh23/Psen2/Hspa1a",11
"GO:0005667","transcription factor complex","11/400","417/23407",0.103919880969453,0.590858751797745,0.553197561852425,"Hyal2/Cdk4/Hoxb9/Nr4a1/Rcor2/Nr6a1/Hax1/Gemin5/Gtf2h2/Tead3/Gtf2h4",11
"GO:0012506","vesicle membrane","9/400","327/23407",0.109925057964525,0.61619962070255,0.576923210073269,"Slc9b2/Syngr1/Snx9/Sema4c/Bcl2l1/Slc5a6/Furin/Pcsk4/Ptprs",9
"GO:0031256","leading edge membrane","5/400","149/23407",0.112714597933191,0.623055319495422,0.583341928329488,"Epha2/Kcnc3/Cd44/Plek/Myo1d",5
"GO:0031225","anchored component of membrane","6/400","193/23407",0.114278990761723,0.623055319495422,0.583341928329488,"Sema7a/Hyal2/Cd160/Alpl/Izumo1r/Ly6a",6
"GO:0042734","presynaptic membrane","6/400","198/23407",0.124769971759437,0.641431696201604,0.600546999352996,"Kcnc3/Fosl1/Syt7/Stx11/Psen2/Ptprs",6
"GO:0005669","transcription factor TFIID complex","2/400","36/23407",0.125707719356093,0.641431696201604,0.600546999352996,"Gtf2h2/Gtf2h4",2
"GO:0005719","nuclear euchromatin","2/400","36/23407",0.125707719356093,0.641431696201604,0.600546999352996,"Myc/Ruvbl2",2
"GO:0005790","smooth endoplasmic reticulum","2/400","36/23407",0.125707719356093,0.641431696201604,0.600546999352996,"Myo1d/Jph4",2
"GO:0032809","neuronal cell body membrane","2/400","36/23407",0.125707719356093,0.641431696201604,0.600546999352996,"Dab2ip/Kcnc3",2
"GO:0046658","anchored component of plasma membrane","3/400","74/23407",0.133095859850292,0.662151902755203,0.61994650509215,"Hyal2/Cd160/Izumo1r",3
"GO:0120114","Sm-like protein family complex","3/400","74/23407",0.133095859850292,0.662151902755203,0.61994650509215,"Prpf40b/Gemin5/Gemin4",3
"GO:0044298","cell body membrane","2/400","38/23407",0.137269473320217,0.674484572610448,0.631493093636865,"Dab2ip/Kcnc3",2
"GO:0090575","RNA polymerase II transcription factor complex","5/400","160/23407",0.139901138357524,0.675772570658597,0.632698995009636,"Hyal2/Hoxb9/Gemin5/Gtf2h2/Gtf2h4",5
"GO:0016234","inclusion body","3/400","76/23407",0.140927445639858,0.675772570658597,0.632698995009636,"Gys1/Nefh/Hspa1a",3
"GO:0009898","cytoplasmic side of plasma membrane","5/400","162/23407",0.145128968581025,0.68763487494343,0.643805198968459,"Kit/Mcf2l/Snx9/Styk1/Litaf",5
"GO:0030659","cytoplasmic vesicle membrane","8/400","302/23407",0.147595018923035,0.68770700472413,0.643872731214869,"Slc9b2/Syngr1/Snx9/Sema4c/Bcl2l1/Furin/Pcsk4/Ptprs",8
"GO:0098858","actin-based cell projection","6/400","209/23407",0.149420756510215,0.68770700472413,0.643872731214869,"Hyal2/Myo10/Cd44/Clic4/Cdh23/Itga3",6
"GO:0005883","neurofilament","1/400","10/23407",0.158357120681562,0.68770700472413,0.643872731214869,"Nefh",1
"GO:0008250","oligosaccharyltransferase complex","1/400","10/23407",0.158357120681562,0.68770700472413,0.643872731214869,"Krtcap2",1
"GO:0046581","intercellular canaliculus","1/400","10/23407",0.158357120681562,0.68770700472413,0.643872731214869,"Mmp13",1
"GO:0055038","recycling endosome membrane","2/400","42/23407",0.161029978061687,0.68770700472413,0.643872731214869,"Scamp4/Ndrg1",2
"GO:0019898","extrinsic component of membrane","8/400","311/23407",0.165188863920382,0.68770700472413,0.643872731214869,"Mgll/Mcf2l/Cish/Eea1/Snx9/Serpine2/Styk1/Socs2",8
"GO:1902554","serine/threonine protein kinase complex","3/400","82/23407",0.16529066390282,0.68770700472413,0.643872731214869,"Cdk4/Gtf2h2/Gtf2h4",3
"GO:0005720","nuclear heterochromatin","2/400","43/23407",0.167082702841319,0.68770700472413,0.643872731214869,"A1cf/Pcgf2",2
"GO:0000235","astral microtubule","1/400","11/23407",0.172746023178779,0.68770700472413,0.643872731214869,"Map9",1
"GO:0005744","TIM23 mitochondrial import inner membrane translocase complex","1/400","11/23407",0.172746023178779,0.68770700472413,0.643872731214869,"Timm50",1
"GO:0005751","mitochondrial respiratory chain complex IV","1/400","11/23407",0.172746023178779,0.68770700472413,0.643872731214869,"AA467197",1
"GO:0060091","kinocilium","1/400","11/23407",0.172746023178779,0.68770700472413,0.643872731214869,"Cdh23",1
"GO:0097732","9+2 non-motile cilium","1/400","11/23407",0.172746023178779,0.68770700472413,0.643872731214869,"Cdh23",1
"GO:0030285","integral component of synaptic vesicle membrane","2/400","45/23407",0.179300730731577,0.68770700472413,0.643872731214869,"Syngr1/Ptprs",2
"GO:0000812","Swr1 complex","1/400","12/23407",0.186889534493897,0.68770700472413,0.643872731214869,"Ruvbl2",1
"GO:0005818","aster","1/400","12/23407",0.186889534493897,0.68770700472413,0.643872731214869,"Map9",1
"GO:0030061","mitochondrial crista","1/400","12/23407",0.186889534493897,0.68770700472413,0.643872731214869,"Akap1",1
"GO:0030688","preribosome, small subunit precursor","1/400","12/23407",0.186889534493897,0.68770700472413,0.643872731214869,"Rrp1b",1
"GO:0031932","TORC2 complex","1/400","12/23407",0.186889534493897,0.68770700472413,0.643872731214869,"Prr5l",1
"GO:0032009","early phagosome","1/400","12/23407",0.186889534493897,0.68770700472413,0.643872731214869,"Syt7",1
"GO:0036128","CatSper complex","1/400","12/23407",0.186889534493897,0.68770700472413,0.643872731214869,"Catsperd",1
"GO:0098684","photoreceptor ribbon synapse","1/400","12/23407",0.186889534493897,0.68770700472413,0.643872731214869,"Cdh23",1
"GO:0098562","cytoplasmic side of membrane","5/400","179/23407",0.192698290539254,0.68770700472413,0.643872731214869,"Kit/Mcf2l/Snx9/Styk1/Litaf",5
"GO:0005764","lysosome","10/400","428/23407",0.199374310787577,0.68770700472413,0.643872731214869,"Il4i1/Mmp13/Hyal2/Trip10/Syt7/Tmbim1/Prss16/Gzmb/Litaf/Lars",10
"GO:0005652","nuclear lamina","1/400","13/23407",0.200791829266388,0.68770700472413,0.643872731214869,"Lmnb2",1
"GO:0012510","trans-Golgi network transport vesicle membrane","1/400","13/23407",0.200791829266388,0.68770700472413,0.643872731214869,"Furin",1
"GO:0032437","cuticular plate","1/400","13/23407",0.200791829266388,0.68770700472413,0.643872731214869,"Snx9",1
"GO:0000323","lytic vacuole","10/400","429/23407",0.201273281883818,0.68770700472413,0.643872731214869,"Il4i1/Mmp13/Hyal2/Trip10/Syt7/Tmbim1/Prss16/Gzmb/Litaf/Lars",10
"GO:0005902","microvillus","3/400","91/23407",0.203880779061946,0.68770700472413,0.643872731214869,"Hyal2/Cd44/Clic4",3
"GO:0043679","axon terminus","5/400","183/23407",0.20461722524061,0.68770700472413,0.643872731214869,"Ncs1/Hnrnpr/Cad/Kcnc3/Syt7",5
"GO:0019897","extrinsic component of plasma membrane","5/400","185/23407",0.210667199075474,0.68770700472413,0.643872731214869,"Mcf2l/Eea1/Snx9/Serpine2/Styk1",5
"GO:0036038","MKS complex","1/400","14/23407",0.214457011291414,0.68770700472413,0.643872731214869,"Tmem107",1
"GO:0071004","U2-type prespliceosome","1/400","14/23407",0.214457011291414,0.68770700472413,0.643872731214869,"Prpf40b",1
"GO:0071010","prespliceosome","1/400","14/23407",0.214457011291414,0.68770700472413,0.643872731214869,"Prpf40b",1
"GO:0071437","invadopodium","1/400","14/23407",0.214457011291414,0.68770700472413,0.643872731214869,"Itga3",1
"GO:0098690","glycinergic synapse","1/400","14/23407",0.214457011291414,0.68770700472413,0.643872731214869,"Nlgn2",1
"GO:1990023","mitotic spindle midzone","1/400","14/23407",0.214457011291414,0.68770700472413,0.643872731214869,"Map9",1
"GO:0055037","recycling endosome","4/400","139/23407",0.21461339084718,0.68770700472413,0.643872731214869,"Scamp4/Eea1/Ndrg1/Tnf",4
"GO:0005791","rough endoplasmic reticulum","3/400","94/23407",0.217180081909984,0.68770700472413,0.643872731214869,"Myc/Slc7a11/Rangrf",3
"GO:0000792","heterochromatin","3/400","95/23407",0.221653117391044,0.68770700472413,0.643872731214869,"Rrp1b/A1cf/Pcgf2",3
"GO:0031011","Ino80 complex","1/400","15/23407",0.227889114719081,0.68770700472413,0.643872731214869,"Ruvbl2",1
"GO:0035102","PRC1 complex","1/400","15/23407",0.227889114719081,0.68770700472413,0.643872731214869,"Pcgf2",1
"GO:0038201","TOR complex","1/400","15/23407",0.227889114719081,0.68770700472413,0.643872731214869,"Prr5l",1
"GO:0061702","inflammasome complex","1/400","15/23407",0.227889114719081,0.68770700472413,0.643872731214869,"Casp4",1
"GO:0098845","postsynaptic endosome","1/400","15/23407",0.227889114719081,0.68770700472413,0.643872731214869,"Sh3gl3",1
"GO:0030173","integral component of Golgi membrane","2/400","53/23407",0.229252750063968,0.68770700472413,0.643872731214869,"Furin/Pcsk4",2
"GO:0030136","clathrin-coated vesicle","3/400","97/23407",0.230653393444834,0.68770700472413,0.643872731214869,"Snx9/Hax1/Furin",3
"GO:0031234","extrinsic component of cytoplasmic side of plasma membrane","3/400","97/23407",0.230653393444834,0.68770700472413,0.643872731214869,"Mcf2l/Snx9/Styk1",3
"GO:0033267","axon part","10/400","446/23407",0.234689911644887,0.68770700472413,0.643872731214869,"Ncs1/Hnrnpr/Cad/Mgll/Kcnc3/Eea1/Syt7/Myo1d/Itga3/Map1b",10
"GO:0031527","filopodium membrane","1/400","16/23407",0.241092105233461,0.68770700472413,0.643872731214869,"Itga3",1
"GO:0033202","DNA helicase complex","1/400","16/23407",0.241092105233461,0.68770700472413,0.643872731214869,"Ruvbl2",1
"GO:0065010","extracellular membrane-bounded organelle","1/400","16/23407",0.241092105233461,0.68770700472413,0.643872731214869,"Alpl",1
"GO:0098691","dopaminergic synapse","1/400","16/23407",0.241092105233461,0.68770700472413,0.643872731214869,"Nlgn2",1
"GO:0001917","photoreceptor inner segment","2/400","55/23407",0.241906986586377,0.68770700472413,0.643872731214869,"Reep6/Cdh23",2
"GO:0031228","intrinsic component of Golgi membrane","2/400","55/23407",0.241906986586377,0.68770700472413,0.643872731214869,"Furin/Pcsk4",2
"GO:1902911","protein kinase complex","3/400","101/23407",0.248844847182308,0.702413114741549,0.657641477435886,"Cdk4/Gtf2h2/Gtf2h4",3
"GO:0098982","GABA-ergic synapse","3/400","103/23407",0.258021576330941,0.723187235068411,0.677091460497799,"Syt7/Nlgn2/C1qbp",3
"GO:0044798","nuclear transcription factor complex","5/400","202/23407",0.2641577041469,0.735208155597666,0.688346170541057,"Hyal2/Hoxb9/Gemin5/Gtf2h2/Gtf2h4",5
"GO:0070161","anchoring junction","7/400","305/23407",0.267593701971475,0.739599259615604,0.692457386680571,"Ssx2ip/Epha2/Jak2/Sdc4/Kazn/Kifc3/Ndrg1",7
"GO:0010008","endosome membrane","5/400","205/23407",0.273914606365717,0.741248608225768,0.69400160622037,"Slc9b2/Scamp4/Tmbim1/Ndrg1/Litaf",5
"GO:0044306","neuron projection terminus","5/400","205/23407",0.273914606365717,0.741248608225768,0.69400160622037,"Ncs1/Hnrnpr/Cad/Kcnc3/Syt7",5
"GO:0031091","platelet alpha granule","1/400","19/23407",0.27936505335142,0.741248608225768,0.69400160622037,"Serpine2",1
"GO:0043034","costamere","1/400","19/23407",0.27936505335142,0.741248608225768,0.69400160622037,"Sdc4",1
"GO:0045277","respiratory chain complex IV","1/400","19/23407",0.27936505335142,0.741248608225768,0.69400160622037,"AA467197",1
"GO:0099571","postsynaptic cytoskeleton","1/400","19/23407",0.27936505335142,0.741248608225768,0.69400160622037,"Nefh",1
"GO:0031985","Golgi cisterna","2/400","62/23407",0.286323099579734,0.741804888996092,0.694522429792692,"Rab34/Furin",2
"GO:0016324","apical plasma membrane","7/400","313/23407",0.288811960123978,0.741804888996092,0.694522429792692,"Hyal2/Slc19a1/Slc46a1/Cd44/Hax1/Psen2/Hspa1a",7
"GO:0005685","U1 snRNP","1/400","20/23407",0.291689919892357,0.741804888996092,0.694522429792692,"Prpf40b",1
"GO:0032426","stereocilium tip","1/400","20/23407",0.291689919892357,0.741804888996092,0.694522429792692,"Cdh23",1
"GO:0090723","growth cone part","1/400","20/23407",0.291689919892357,0.741804888996092,0.694522429792692,"Itga3",1
"GO:0005913","cell-cell adherens junction","3/400","111/23407",0.295107909365747,0.741804888996092,0.694522429792692,"Ssx2ip/Kifc3/Ndrg1",3
"GO:0098563","intrinsic component of synaptic vesicle membrane","2/400","64/23407",0.298986948051245,0.741804888996092,0.694522429792692,"Syngr1/Ptprs",2
"GO:0043209","myelin sheath","5/400","213/23407",0.300275336248736,0.741804888996092,0.694522429792692,"Tufm/Phgdh/Nefh/Myo1d/Ndrg1",5
"GO:0098798","mitochondrial protein complex","6/400","265/23407",0.300768706486827,0.741804888996092,0.694522429792692,"Timm9/Timm10/AA467197/Mrpl20/Mrps6/Timm50",6
"GO:0030904","retromer complex","1/400","21/23407",0.303804514840108,0.741804888996092,0.694522429792692,"Dennd5a",1
"GO:0035267","NuA4 histone acetyltransferase complex","1/400","21/23407",0.303804514840108,0.741804888996092,0.694522429792692,"Ruvbl2",1
"GO:0043189","H4/H2A histone acetyltransferase complex","1/400","21/23407",0.303804514840108,0.741804888996092,0.694522429792692,"Ruvbl2",1
"GO:0101031","chaperone complex","1/400","21/23407",0.303804514840108,0.741804888996092,0.694522429792692,"Ppp5c",1
"GO:0001891","phagocytic cup","1/400","22/23407",0.315712416749967,0.749394538180149,0.70162831662463,"Tnf",1
"GO:0031307","integral component of mitochondrial outer membrane","1/400","22/23407",0.315712416749967,0.749394538180149,0.70162831662463,"Dmpk",1
"GO:0033643","host cell part","1/400","22/23407",0.315712416749967,0.749394538180149,0.70162831662463,"Axl",1
"GO:0044455","mitochondrial membrane part","5/400","218/23407",0.316952655947096,0.749394538180149,0.70162831662463,"Timm10/AA467197/Dmpk/Timm50/Akap1",5
"GO:0043198","dendritic shaft","2/400","67/23407",0.317910320761401,0.749394538180149,0.70162831662463,"Nlgn2/Jph4",2
"GO:0099056","integral component of presynaptic membrane","3/400","116/23407",0.318464002339589,0.749394538180149,0.70162831662463,"Kcnc3/Psen2/Ptprs",3
"GO:0032589","neuron projection membrane","2/400","68/23407",0.324192839666083,0.749394538180149,0.70162831662463,"Kcnc3/Myo1d",2
"GO:0031306","intrinsic component of mitochondrial outer membrane","1/400","23/23407",0.327417143425187,0.749394538180149,0.70162831662463,"Dmpk",1
"GO:0030141","secretory granule","8/400","383/23407",0.332678066927151,0.749394538180149,0.70162831662463,"Ncs1/Kit/Sh3gl3/Serpine2/Pcsk4/Gzmb/Tnf/Vegfa",8
"GO:0031301","integral component of organelle membrane","5/400","223/23407",0.333742065252979,0.749394538180149,0.70162831662463,"Dmpk/Syngr1/Furin/Pcsk4/Ptprs",5
"GO:0002080","acrosomal membrane","1/400","24/23407",0.338922152945796,0.749394538180149,0.70162831662463,"Pcsk4",1
"GO:0018995","host","1/400","24/23407",0.338922152945796,0.749394538180149,0.70162831662463,"Axl",1
"GO:0030057","desmosome","1/400","24/23407",0.338922152945796,0.749394538180149,0.70162831662463,"Kazn",1
"GO:0033017","sarcoplasmic reticulum membrane","1/400","24/23407",0.338922152945796,0.749394538180149,0.70162831662463,"Dmpk",1
"GO:0043657","host cell","1/400","24/23407",0.338922152945796,0.749394538180149,0.70162831662463,"Axl",1
"GO:0097346","INO80-type complex","1/400","24/23407",0.338922152945796,0.749394538180149,0.70162831662463,"Ruvbl2",1
"GO:0099523","presynaptic cytosol","1/400","24/23407",0.338922152945796,0.749394538180149,0.70162831662463,"Ncs1",1
"GO:0030687","preribosome, large subunit precursor","1/400","25/23407",0.350230844680034,0.767972529127029,0.719022151047258,"Rrp1b",1
"GO:0044853","plasma membrane raft","3/400","123/23407",0.351183417842008,0.767972529127029,0.719022151047258,"Jak2/Rangrf/Myo1d",3
"GO:0044440","endosomal part","5/400","229/23407",0.353988197134384,0.76987596972396,0.720804266813758,"Slc9b2/Scamp4/Tmbim1/Ndrg1/Litaf",5
"GO:0097038","perinuclear endoplasmic reticulum","1/400","26/23407",0.361346560278699,0.770698611294088,0.721574473414724,"Dgat2",1
"GO:0099524","postsynaptic cytosol","1/400","26/23407",0.361346560278699,0.770698611294088,0.721574473414724,"Ncs1",1
"GO:0001669","acrosomal vesicle","3/400","127/23407",0.369812321299359,0.770698611294088,0.721574473414724,"Kit/Sh3gl3/Pcsk4",3
"GO:0005882","intermediate filament","3/400","127/23407",0.369812321299359,0.770698611294088,0.721574473414724,"Lmnb2/Nefh/Slc1a4",3
"GO:0016591","RNA polymerase II, holoenzyme","2/400","76/23407",0.373809287595313,0.770698611294088,0.721574473414724,"Gtf2h2/Gtf2h4",2
"GO:0060076","excitatory synapse","2/400","76/23407",0.373809287595313,0.770698611294088,0.721574473414724,"Nlgn2/Itga3",2
"GO:0098889","intrinsic component of presynaptic membrane","3/400","128/23407",0.374455613639956,0.770698611294088,0.721574473414724,"Kcnc3/Psen2/Ptprs",3
"GO:0005912","adherens junction","6/400","291/23407",0.379182365247403,0.770698611294088,0.721574473414724,"Ssx2ip/Epha2/Jak2/Sdc4/Kifc3/Ndrg1",6
"GO:0031045","dense core granule","1/400","28/23407",0.383012146934091,0.770698611294088,0.721574473414724,"Ncs1",1
"GO:0098800","inner mitochondrial membrane protein complex","3/400","130/23407",0.383721413323033,0.770698611294088,0.721574473414724,"Timm10/AA467197/Timm50",3
"GO:0097223","sperm part","5/400","238/23407",0.384438980489375,0.770698611294088,0.721574473414724,"Slc9b2/Kit/Sh3gl3/Catsperd/Pcsk4",5
"GO:0000790","nuclear chromatin","8/400","404/23407",0.386692909807818,0.770698611294088,0.721574473414724,"Irf4/Myc/A1cf/Zeb2/Rcc1/Ruvbl2/Pcgf2/Ipo4",8
"GO:0005811","lipid droplet","2/400","79/23407",0.39204553646724,0.770698611294088,0.721574473414724,"Dgat2/Akap1",2
"GO:0008076","voltage-gated potassium channel complex","2/400","79/23407",0.39204553646724,0.770698611294088,0.721574473414724,"Kcnc3/Kcnq5",2
"GO:0030140","trans-Golgi network transport vesicle","1/400","29/23407",0.393568421420868,0.770698611294088,0.721574473414724,"Furin",1
"GO:0044305","calyx of Held","1/400","29/23407",0.393568421420868,0.770698611294088,0.721574473414724,"Ncs1",1
"GO:0044665","MLL1/2 complex","1/400","29/23407",0.393568421420868,0.770698611294088,0.721574473414724,"Ruvbl2",1
"GO:0071339","MLL1 complex","1/400","29/23407",0.393568421420868,0.770698611294088,0.721574473414724,"Ruvbl2",1
"GO:0000314","organellar small ribosomal subunit","1/400","30/23407",0.403944528505805,0.770698611294088,0.721574473414724,"Mrps6",1
"GO:0005763","mitochondrial small ribosomal subunit","1/400","30/23407",0.403944528505805,0.770698611294088,0.721574473414724,"Mrps6",1
"GO:0005865","striated muscle thin filament","1/400","30/23407",0.403944528505805,0.770698611294088,0.721574473414724,"Tnnt2",1
"GO:0044215","other organism","1/400","30/23407",0.403944528505805,0.770698611294088,0.721574473414724,"Axl",1
"GO:0044216","other organism cell","1/400","30/23407",0.403944528505805,0.770698611294088,0.721574473414724,"Axl",1
"GO:0044217","other organism part","1/400","30/23407",0.403944528505805,0.770698611294088,0.721574473414724,"Axl",1
"GO:0070069","cytochrome complex","1/400","30/23407",0.403944528505805,0.770698611294088,0.721574473414724,"AA467197",1
"GO:0061695","transferase complex, transferring phosphorus-containing groups","5/400","244/23407",0.404713592362976,0.770698611294088,0.721574473414724,"Cish/Cdk4/Socs2/Gtf2h2/Gtf2h4",5
"GO:0034451","centriolar satellite","1/400","31/23407",0.414143535589591,0.780390545619672,0.730648646255922,"Ssx2ip",1
"GO:0099092","postsynaptic density, intracellular component","1/400","31/23407",0.414143535589591,0.780390545619672,0.730648646255922,"Sh3gl3",1
"GO:0062023","collagen-containing extracellular matrix","7/400","359/23407",0.415685416259725,0.780390545619672,0.730648646255922,"Lad1/Egfl7/F3/Plscr1/Adam19/Serpine2/Vegfa",7
"GO:0036379","myofilament","1/400","32/23407",0.424168457978544,0.782629598910232,0.732744982846396,"Tnnt2",1
"GO:0031300","intrinsic component of organelle membrane","5/400","250/23407",0.424906978588141,0.782629598910232,0.732744982846396,"Dmpk/Syngr1/Furin/Pcsk4/Ptprs",5
"GO:0015935","small ribosomal subunit","2/400","85/23407",0.42776807391941,0.782629598910232,0.732744982846396,"Rps19/Mrps6",2
"GO:0005795","Golgi stack","2/400","86/23407",0.433615575199673,0.782629598910232,0.732744982846396,"Rab34/Furin",2
"GO:0008305","integrin complex","1/400","33/23407",0.434022259767147,0.782629598910232,0.732744982846396,"Itga3",1
"GO:0005770","late endosome","4/400","198/23407",0.439120766670628,0.782629598910232,0.732744982846396,"Rab34/Atp7b/Ankrd13b/Litaf",4
"GO:0045211","postsynaptic membrane","7/400","368/23407",0.440706763749402,0.782629598910232,0.732744982846396,"Ncs1/Kcnc3/Sema4c/Nlgn2/Akap1/Ptprs/Synpo",7
"GO:0005777","peroxisome","3/400","143/23407",0.443001334148135,0.782629598910232,0.732744982846396,"Acsl6/Syt7/Pecr",3
"GO:0042579","microbody","3/400","143/23407",0.443001334148135,0.782629598910232,0.732744982846396,"Acsl6/Syt7/Pecr",3
"GO:0150034","distal axon","7/400","369/23407",0.443477988783542,0.782629598910232,0.732744982846396,"Ncs1/Hnrnpr/Cad/Kcnc3/Syt7/Itga3/Map1b",7
"GO:0008180","COP9 signalosome","1/400","34/23407",0.443707854705674,0.782629598910232,0.732744982846396,"Hspa1a",1
"GO:0051233","spindle midzone","1/400","34/23407",0.443707854705674,0.782629598910232,0.732744982846396,"Map9",1
"GO:0001726","ruffle","3/400","144/23407",0.447475497740764,0.782629598910232,0.732744982846396,"Rab34/Myo10/Plek",3
"GO:0015030","Cajal body","1/400","35/23407",0.453228107053158,0.782629598910232,0.732744982846396,"Gemin4",1
"GO:0030665","clathrin-coated vesicle membrane","1/400","35/23407",0.453228107053158,0.782629598910232,0.732744982846396,"Furin",1
"GO:0044449","contractile fiber part","4/400","202/23407",0.454223542099751,0.782629598910232,0.732744982846396,"Tnnt2/Sdc4/Psen2/Synpo",4
"GO:1990351","transporter complex","6/400","316/23407",0.454931487494113,0.782629598910232,0.732744982846396,"Timm9/Timm10/Kcnc3/Catsperd/Kcnq5/Clic4",6
"GO:0034705","potassium channel complex","2/400","90/23407",0.456677894331021,0.782629598910232,0.732744982846396,"Kcnc3/Kcnq5",2
"GO:0016607","nuclear speck","6/400","317/23407",0.457928874788021,0.782629598910232,0.732744982846396,"Kazn/Timm50/Gtf2h2/Nfkbiz/Hspa1a/Gtf2h4",6
"GO:0030175","filopodium","2/400","91/23407",0.462358728382011,0.782629598910232,0.732744982846396,"Myo10/Itga3",2
"GO:0048786","presynaptic active zone","2/400","91/23407",0.462358728382011,0.782629598910232,0.732744982846396,"Stx11/C1qbp",2
"GO:0016592","mediator complex","1/400","36/23407",0.462585832415931,0.782629598910232,0.732744982846396,"Havcr2",1
"GO:0098636","protein complex involved in cell adhesion","1/400","36/23407",0.462585832415931,0.782629598910232,0.732744982846396,"Itga3",1
"GO:0097730","non-motile cilium","3/400","148/23407",0.465224177340164,0.782629598910232,0.732744982846396,"Gpr83/Cdh23/Map1b",3
"GO:0000313","organellar ribosome","2/400","92/23407",0.468004634524209,0.782629598910232,0.732744982846396,"Mrpl20/Mrps6",2
"GO:0005761","mitochondrial ribosome","2/400","92/23407",0.468004634524209,0.782629598910232,0.732744982846396,"Mrpl20/Mrps6",2
"GO:0099091","postsynaptic specialization, intracellular component","1/400","37/23407",0.471783798572006,0.785648334023675,0.7355713045342,"Sh3gl3",1
"GO:0005925","focal adhesion","3/400","151/23407",0.478369992476079,0.787523625761492,0.737327065642867,"Epha2/Jak2/Sdc4",3
"GO:0005901","caveola","2/400","94/23407",0.47918982103051,0.787523625761492,0.737327065642867,"Jak2/Rangrf",2
"GO:0000788","nuclear nucleosome","1/400","38/23407",0.480824726281514,0.787523625761492,0.737327065642867,"Irf4",1
"GO:0001772","immunological synapse","1/400","38/23407",0.480824726281514,0.787523625761492,0.737327065642867,"Havcr2",1
"GO:0030016","myofibril","4/400","211/23407",0.487685598618258,0.79548716495929,0.744783010832025,"Tnnt2/Sdc4/Psen2/Synpo",4
"GO:0000803","sex chromosome","1/400","39/23407",0.489711290083448,0.79553099368658,0.744824045927134,"Pcgf2",1
"GO:0016235","aggresome","1/400","40/23407",0.498446119078938,0.803164191876183,0.751970705961833,"Hspa1a",1
"GO:0099522","region of cytosol","1/400","40/23407",0.498446119078938,0.803164191876183,0.751970705961833,"Ncs1",1
"GO:0005924","cell-substrate adherens junction","3/400","157/23407",0.504196406506264,0.803978707112001,0.752733304199017,"Epha2/Jak2/Sdc4",3
"GO:0055029","nuclear DNA-directed RNA polymerase complex","2/400","99/23407",0.506511956092868,0.803978707112001,0.752733304199017,"Gtf2h2/Gtf2h4",2
"GO:0005637","nuclear inner membrane","1/400","41/23407",0.507031797701287,0.803978707112001,0.752733304199017,"Psen2",1
"GO:0005891","voltage-gated calcium channel complex","1/400","41/23407",0.507031797701287,0.803978707112001,0.752733304199017,"Catsperd",1
"GO:0000428","DNA-directed RNA polymerase complex","2/400","100/23407",0.511863722585533,0.804538842573521,0.753257736765476,"Gtf2h2/Gtf2h4",2
"GO:0000307","cyclin-dependent protein kinase holoenzyme complex","1/400","42/23407",0.515470866472984,0.804538842573521,0.753257736765476,"Cdk4",1
"GO:0005778","peroxisomal membrane","1/400","42/23407",0.515470866472984,0.804538842573521,0.753257736765476,"Pecr",1
"GO:0031903","microbody membrane","1/400","42/23407",0.515470866472984,0.804538842573521,0.753257736765476,"Pecr",1
"GO:0000152","nuclear ubiquitin ligase complex","1/400","43/23407",0.523765822749929,0.811123725503781,0.759422900894839,"Pcgf2",1
"GO:1902562","H4 histone acetyltransferase complex","1/400","43/23407",0.523765822749929,0.811123725503781,0.759422900894839,"Ruvbl2",1
"GO:0030880","RNA polymerase complex","2/400","103/23407",0.527688486630651,0.812702000271063,0.760900576820831,"Gtf2h2/Gtf2h4",2
"GO:0005774","vacuolar membrane","3/400","163/23407",0.529350240676749,0.812702000271063,0.760900576820831,"Tmbim1/Sbf2/Litaf",3
"GO:0030055","cell-substrate junction","3/400","164/23407",0.533473285409011,0.812702000271063,0.760900576820831,"Epha2/Jak2/Sdc4",3
"GO:0045111","intermediate filament cytoskeleton","3/400","165/23407",0.537575939204774,0.812702000271063,0.760900576820831,"Lmnb2/Nefh/Slc1a4",3
"GO:0043292","contractile fiber","4/400","225/23407",0.537972278545456,0.812702000271063,0.760900576820831,"Tnnt2/Sdc4/Psen2/Synpo",4
"GO:0099060","integral component of postsynaptic specialization membrane","2/400","105/23407",0.538043881360789,0.812702000271063,0.760900576820831,"Nlgn2/Ptprs",2
"GO:0034707","chloride channel complex","1/400","45/23407",0.539933175787642,0.812702000271063,0.760900576820831,"Clic4",1
"GO:0099699","integral component of synaptic membrane","4/400","226/23407",0.541469888313837,0.812702000271063,0.760900576820831,"Kcnc3/Nlgn2/Psen2/Ptprs",4
"GO:0005765","lysosomal membrane","2/400","106/23407",0.543162643397243,0.812702000271063,0.760900576820831,"Tmbim1/Litaf",2
"GO:0005604","basement membrane","2/400","107/23407",0.548241890244861,0.812904757095994,0.761090409976149,"Lad1/Vegfa",2
"GO:0098852","lytic vacuole membrane","2/400","107/23407",0.548241890244861,0.812904757095994,0.761090409976149,"Tmbim1/Litaf",2
"GO:0099055","integral component of postsynaptic membrane","3/400","169/23407",0.553778609069363,0.812904757095994,0.761090409976149,"Kcnc3/Nlgn2/Ptprs",3
"GO:0044391","ribosomal subunit","4/400","230/23407",0.555323783255663,0.812904757095994,0.761090409976149,"Mrpl20/Rps19/Mrps6/Gemin5",4
"GO:0032590","dendrite membrane","1/400","47/23407",0.555552999824398,0.812904757095994,0.761090409976149,"Kcnc3",1
"GO:0048787","presynaptic active zone membrane","1/400","47/23407",0.555552999824398,0.812904757095994,0.761090409976149,"Stx11",1
"GO:0031519","PcG protein complex","1/400","48/23407",0.563163393663021,0.816964854384766,0.764891717673122,"Pcgf2",1
"GO:0031901","early endosome membrane","1/400","48/23407",0.563163393663021,0.816964854384766,0.764891717673122,"Litaf",1
"GO:0098948","intrinsic component of postsynaptic specialization membrane","2/400","111/23407",0.568161024936827,0.816964854384766,0.764891717673122,"Nlgn2/Ptprs",2
"GO:0044437","vacuolar part","3/400","173/23407",0.569639794525911,0.816964854384766,0.764891717673122,"Tmbim1/Sbf2/Litaf",3
"GO:0030118","clathrin coat","1/400","49/23407",0.570643792761219,0.816964854384766,0.764891717673122,"Kcnq5",1
"GO:0031201","SNARE complex","1/400","49/23407",0.570643792761219,0.816964854384766,0.764891717673122,"Stx11",1
"GO:0044445","cytosolic part","5/400","300/23407",0.584339631708262,0.831097748968092,0.778123785069306,"Cflar/Ncs1/Rps19/Casp4/Gemin5",5
"GO:0098936","intrinsic component of postsynaptic membrane","3/400","178/23407",0.58897072707537,0.831097748968092,0.778123785069306,"Kcnc3/Nlgn2/Ptprs",3
"GO:0030135","coated vesicle","3/400","180/23407",0.596545556119233,0.831097748968092,0.778123785069306,"Snx9/Hax1/Furin",3
"GO:0015629","actin cytoskeleton","8/400","488/23407",0.596735429795786,0.831097748968092,0.778123785069306,"Lad1/Tnnt2/Myo19/Myo10/Snx9/Hax1/Myo1d/Synpo",8
"GO:0036126","sperm flagellum","2/400","117/23407",0.596836400835438,0.831097748968092,0.778123785069306,"Slc9b2/Catsperd",2
"GO:0099572","postsynaptic specialization","7/400","428/23407",0.599277462073882,0.831097748968092,0.778123785069306,"Rps19/Sh3gl3/Sema4c/Nefh/Nlgn2/Map1b/Ptprs",7
"GO:0005876","spindle microtubule","1/400","53/23407",0.599309180788549,0.831097748968092,0.778123785069306,"Map9",1
"GO:0031902","late endosome membrane","1/400","53/23407",0.599309180788549,0.831097748968092,0.778123785069306,"Litaf",1
"GO:0099738","cell cortex region","1/400","53/23407",0.599309180788549,0.831097748968092,0.778123785069306,"Phldb1",1
"GO:0099240","intrinsic component of synaptic membrane","4/400","244/23407",0.601982306785431,0.831906104515978,0.778880616235536,"Kcnc3/Nlgn2/Psen2/Ptprs",4
"GO:0022627","cytosolic small ribosomal subunit","1/400","54/23407",0.606172087686065,0.831918934134668,0.77889262809752,"Rps19",1
"GO:0032420","stereocilium","1/400","54/23407",0.606172087686065,0.831918934134668,0.77889262809752,"Cdh23",1
"GO:0001533","cornified envelope","1/400","55/23407",0.612917737706429,0.838286115488518,0.784853966894831,"Kazn",1
"GO:0005871","kinesin complex","1/400","56/23407",0.619548129318172,0.844452587221345,0.790627389252462,"Kifc3",1
"GO:0030017","sarcomere","3/400","188/23407",0.625924399829442,0.844657492715891,0.790819234121728,"Tnnt2/Psen2/Synpo",3
"GO:0044438","microbody part","1/400","57/23407",0.626065227013035,0.844657492715891,0.790819234121728,"Pecr",1
"GO:0044439","peroxisomal part","1/400","57/23407",0.626065227013035,0.844657492715891,0.790819234121728,"Pecr",1
"GO:0097729","9+2 motile cilium","2/400","124/23407",0.628458885088872,0.844709539695006,0.790867963639334,"Slc9b2/Catsperd",2
"GO:0016328","lateral plasma membrane","1/400","58/23407",0.632470961882191,0.844709539695006,0.790867963639334,"Cldn12",1
"GO:0097525","spliceosomal snRNP complex","1/400","58/23407",0.632470961882191,0.844709539695006,0.790867963639334,"Prpf40b",1
"GO:0036464","cytoplasmic ribonucleoprotein granule","3/400","193/23407",0.643526620468573,0.846972704447162,0.792986874832836,"Samd4/Nfkbiz/Mcrip2",3
"GO:0000315","organellar large ribosomal subunit","1/400","60/23407",0.644955903894514,0.846972704447162,0.792986874832836,"Mrpl20",1
"GO:0005762","mitochondrial large ribosomal subunit","1/400","60/23407",0.644955903894514,0.846972704447162,0.792986874832836,"Mrpl20",1
"GO:0010494","cytoplasmic stress granule","1/400","60/23407",0.644955903894514,0.846972704447162,0.792986874832836,"Mcrip2",1
"GO:0034704","calcium channel complex","1/400","60/23407",0.644955903894514,0.846972704447162,0.792986874832836,"Catsperd",1
"GO:0030018","Z disc","2/400","129/23407",0.649845012084768,0.846972704447162,0.792986874832836,"Psen2/Synpo",2
"GO:0000776","kinetochore","2/400","130/23407",0.65400319331542,0.846972704447162,0.792986874832836,"Nudcd2/Psen2",2
"GO:0014069","postsynaptic density","6/400","389/23407",0.655970341282258,0.846972704447162,0.792986874832836,"Rps19/Sh3gl3/Sema4c/Nefh/Map1b/Ptprs",6
"GO:0014704","intercalated disc","1/400","62/23407",0.657017757360964,0.846972704447162,0.792986874832836,"Rangrf",1
"GO:0030532","small nuclear ribonucleoprotein complex","1/400","63/23407",0.662894514570457,0.846972704447162,0.792986874832836,"Prpf40b",1
"GO:0030660","Golgi-associated vesicle membrane","1/400","63/23407",0.662894514570457,0.846972704447162,0.792986874832836,"Furin",1
"GO:0032279","asymmetric synapse","6/400","392/23407",0.663204282839537,0.846972704447162,0.792986874832836,"Rps19/Sh3gl3/Sema4c/Nefh/Map1b/Ptprs",6
"GO:0005840","ribosome","4/400","265/23407",0.66615034185838,0.846972704447162,0.792986874832836,"Mrpl20/Rps19/Mrps6/Gemin5",4
"GO:0005905","clathrin-coated pit","1/400","64/23407",0.668670825150127,0.846972704447162,0.792986874832836,"Bcl2l1",1
"GO:0032421","stereocilium bundle","1/400","64/23407",0.668670825150127,0.846972704447162,0.792986874832836,"Cdh23",1
"GO:0099634","postsynaptic specialization membrane","2/400","134/23407",0.670243089791232,0.846972704447162,0.792986874832836,"Nlgn2/Ptprs",2
"GO:0043235","receptor complex","6/400","395/23407",0.670342718343859,0.846972704447162,0.792986874832836,"Epha2/Kit/Cd44/Plxnd1/Axl/Itga3",6
"GO:0030426","growth cone","3/400","203/23407",0.676955709054422,0.851279576343209,0.797019227784967,"Hnrnpr/Itga3/Map1b",3
"GO:0045178","basal part of cell","1/400","66/23407",0.679928927783757,0.851279576343209,0.797019227784967,"Phldb1",1
"GO:0035770","ribonucleoprotein granule","3/400","204/23407",0.680168103711408,0.851279576343209,0.797019227784967,"Samd4/Nfkbiz/Mcrip2",3
"GO:0030427","site of polarized growth","3/400","206/23407",0.686521806913604,0.856538179158666,0.801942648564315,"Hnrnpr/Itga3/Map1b",3
"GO:0005643","nuclear pore","1/400","68/23407",0.69080541966374,0.85905585980504,0.804299852872215,"Xpot",1
"GO:0032587","ruffle membrane","1/400","69/23407",0.696104611237266,0.85905585980504,0.804299852872215,"Plek",1
"GO:0030176","integral component of endoplasmic reticulum membrane","2/400","141/23407",0.697173474163387,0.85905585980504,0.804299852872215,"Dgat2/Alg3",2
"GO:0031674","I band","2/400","141/23407",0.697173474163387,0.85905585980504,0.804299852872215,"Psen2/Synpo",2
"GO:0000932","P-body","1/400","71/23407",0.706432745316615,0.861053711934237,0.806170362403385,"Samd4",1
"GO:0032592","integral component of mitochondrial membrane","1/400","71/23407",0.706432745316615,0.861053711934237,0.806170362403385,"Dmpk",1
"GO:0099061","integral component of postsynaptic density membrane","1/400","71/23407",0.706432745316615,0.861053711934237,0.806170362403385,"Ptprs",1
"GO:0035869","ciliary transition zone","1/400","72/23407",0.711464751739025,0.861053711934237,0.806170362403385,"Tmem107",1
"GO:0036064","ciliary basal body","2/400","145/23407",0.711730125243436,0.861053711934237,0.806170362403385,"Ssx2ip/Psen2",2
"GO:0098573","intrinsic component of mitochondrial membrane","1/400","73/23407",0.716410716997409,0.861053711934237,0.806170362403385,"Dmpk",1
"GO:0098984","neuron to neuron synapse","6/400","416/23407",0.717577622902059,0.861053711934237,0.806170362403385,"Rps19/Sh3gl3/Sema4c/Nefh/Map1b/Ptprs",6
"GO:0005875","microtubule associated complex","2/400","147/23407",0.718786537454624,0.861053711934237,0.806170362403385,"Kifc3/Map1b",2
"GO:0022626","cytosolic ribosome","2/400","148/23407",0.722259994442493,0.861053711934237,0.806170362403385,"Rps19/Gemin5",2
"GO:0005874","microtubule","6/400","419/23407",0.723929119267233,0.861053711934237,0.806170362403385,"Map9/Ccdc50/Trip10/Kifc3/Map1b/Ndrg1",6
"GO:0031227","intrinsic component of endoplasmic reticulum membrane","2/400","149/23407",0.725697239458775,0.861053711934237,0.806170362403385,"Dgat2/Alg3",2
"GO:0034703","cation channel complex","3/400","220/23407",0.728364483129236,0.861053711934237,0.806170362403385,"Kcnc3/Catsperd/Kcnq5",3
"GO:0015934","large ribosomal subunit","2/400","150/23407",0.729098492192434,0.861053711934237,0.806170362403385,"Mrpl20/Gemin5",2
"GO:0030662","coated vesicle membrane","1/400","77/23407",0.735363145864912,0.861053711934237,0.806170362403385,"Furin",1
"GO:0070603","SWI/SNF superfamily-type complex","1/400","77/23407",0.735363145864912,0.861053711934237,0.806170362403385,"Ruvbl2",1
"GO:0099146","intrinsic component of postsynaptic density membrane","1/400","77/23407",0.735363145864912,0.861053711934237,0.806170362403385,"Ptprs",1
"GO:0005746","mitochondrial respiratory chain","1/400","78/23407",0.739900425832937,0.861053711934237,0.806170362403385,"AA467197",1
"GO:0005881","cytoplasmic microtubule","1/400","78/23407",0.739900425832937,0.861053711934237,0.806170362403385,"Map9",1
"GO:0030684","preribosome","1/400","78/23407",0.739900425832937,0.861053711934237,0.806170362403385,"Rrp1b",1
"GO:0034702","ion channel complex","4/400","294/23407",0.742541173256691,0.861207329514209,0.806314188437001,"Kcnc3/Catsperd/Kcnq5/Clic4",4
"GO:0001750","photoreceptor outer segment","1/400","79/23407",0.744360103901728,0.861207329514209,0.806314188437001,"Map1b",1
"GO:0000123","histone acetyltransferase complex","1/400","82/23407",0.757286654125711,0.866092207879405,0.810887705869636,"Ruvbl2",1
"GO:0017053","transcriptional repressor complex","1/400","82/23407",0.757286654125711,0.866092207879405,0.810887705869636,"Rcor2",1
"GO:0071013","catalytic step 2 spliceosome","1/400","82/23407",0.757286654125711,0.866092207879405,0.810887705869636,"Hnrnpr",1
"GO:0098803","respiratory chain complex","1/400","82/23407",0.757286654125711,0.866092207879405,0.810887705869636,"AA467197",1
"GO:0044291","cell-cell contact zone","1/400","83/23407",0.76144894087168,0.86720659390718,0.81193106120905,"Rangrf",1
"GO:0030667","secretory granule membrane","1/400","84/23407",0.765540024032858,0.86720659390718,0.81193106120905,"Pcsk4",1
"GO:0005684","U2-type spliceosomal complex","1/400","85/23407",0.769561118677066,0.86720659390718,0.81193106120905,"Prpf40b",1
"GO:0044450","microtubule organizing center part","2/400","164/23407",0.773066205446476,0.86720659390718,0.81193106120905,"Ssx2ip/Hspa1a",2
"GO:0001725","stress fiber","1/400","86/23407",0.773513419188565,0.86720659390718,0.81193106120905,"Synpo",1
"GO:0043195","terminal bouton","1/400","86/23407",0.773513419188565,0.86720659390718,0.81193106120905,"Cad",1
"GO:0097517","contractile actin filament bundle","1/400","86/23407",0.773513419188565,0.86720659390718,0.81193106120905,"Synpo",1
"GO:1902495","transmembrane transporter complex","4/400","309/23407",0.776497042949123,0.868106244645368,0.812773368432849,"Kcnc3/Catsperd/Kcnq5/Clic4",4
"GO:0000786","nucleosome","1/400","88/23407",0.781216314034038,0.870935834693409,0.815422601114697,"Irf4",1
"GO:0022625","cytosolic large ribosomal subunit","1/400","89/23407",0.784969196850041,0.871896507080518,0.816322040482685,"Gemin5",1
"GO:0044441","ciliary part","6/400","452/23407",0.787227047457302,0.871896507080518,0.816322040482685,"Slc9b2/Ssx2ip/Tmem107/Catsperd/Map1b/Psen2",6
"GO:0070469","respiratory chain","1/400","90/23407",0.78865786317048,0.871896507080518,0.816322040482685,"AA467197",1
"GO:1905368","peptidase complex","1/400","91/23407",0.792283409112574,0.871896507080518,0.816322040482685,"F3",1
"GO:0031248","protein acetyltransferase complex","1/400","92/23407",0.795846912130028,0.871896507080518,0.816322040482685,"Ruvbl2",1
"GO:1902493","acetyltransferase complex","1/400","92/23407",0.795846912130028,0.871896507080518,0.816322040482685,"Ruvbl2",1
"GO:0030864","cortical actin cytoskeleton","1/400","94/23407",0.802792007784862,0.871896507080518,0.816322040482685,"Snx9",1
"GO:0035097","histone methyltransferase complex","1/400","94/23407",0.802792007784862,0.871896507080518,0.816322040482685,"Ruvbl2",1
"GO:0032432","actin filament bundle","1/400","95/23407",0.806175664838268,0.871896507080518,0.816322040482685,"Synpo",1
"GO:0098839","postsynaptic density membrane","1/400","95/23407",0.806175664838268,0.871896507080518,0.816322040482685,"Ptprs",1
"GO:1904949","ATPase complex","1/400","95/23407",0.806175664838268,0.871896507080518,0.816322040482685,"Ruvbl2",1
"GO:0042641","actomyosin","1/400","97/23407",0.812770227274821,0.87232418075446,0.816722454342975,"Synpo",1
"GO:0044815","DNA packaging complex","1/400","97/23407",0.812770227274821,0.87232418075446,0.816722454342975,"Irf4",1
"GO:0044452","nucleolar part","2/400","179/23407",0.813146409698253,0.87232418075446,0.816722454342975,"Samd4/Rrp1b",2
"GO:0030117","membrane coat","1/400","100/23407",0.822244772636062,0.877355012088881,0.821432621738863,"Kcnq5",1
"GO:0048475","coated membrane","1/400","100/23407",0.822244772636062,0.877355012088881,0.821432621738863,"Kcnq5",1
"GO:0005681","spliceosomal complex","2/400","187/23407",0.831836893080089,0.885216800657421,0.828793301858574,"Hnrnpr/Prpf40b",2
"GO:0000775","chromosome, centromeric region","2/400","189/23407",0.836238803557275,0.887528116842122,0.830957295324282,"Nudcd2/Psen2",2
"GO:0072686","mitotic spindle","1/400","107/23407",0.842533409362073,0.891830576931131,0.834985517676858,"Map9",1
"GO:0031514","motile cilium","2/400","197/23407",0.852823648618328,0.895838089487201,0.838737592378919,"Slc9b2/Catsperd",2
"GO:0044309","neuron spine","2/400","197/23407",0.852823648618328,0.895838089487201,0.838737592378919,"Eea1/Synpo",2
"GO:0097733","photoreceptor cell cilium","1/400","111/23407",0.853071949536807,0.895838089487201,0.838737592378919,"Map1b",1
"GO:0097731","9+0 non-motile cilium","1/400","112/23407",0.855594752601079,0.896122925092709,0.839004272633745,"Map1b",1
"GO:0043230","extracellular organelle","1/400","113/23407",0.85807434474358,0.896361126530039,0.83922729117068,"Alpl",1
"GO:0005814","centriole","1/400","115/23407",0.862906836877593,0.899049531615921,0.841744337984756,"Hspa1a",1
"GO:0044448","cell cortex part","2/400","204/23407",0.866065685676125,0.899984707308349,0.842619905811044,"Snx9/Phldb1",2
"GO:0034708","methyltransferase complex","1/400","118/23407",0.86984954615823,0.901562810861915,0.84409742143644,"Ruvbl2",1
"GO:0030863","cortical cytoskeleton","1/400","127/23407",0.888642939975923,0.918241979342088,0.859713463864319,"Snx9",1
"GO:0001650","fibrillar center","1/400","128/23407",0.890556291522729,0.918241979342088,0.859713463864319,"Samd4",1
"GO:0005798","Golgi-associated vesicle","1/400","135/23407",0.903062240963046,0.928730676752693,0.869533614309583,"Furin",1
"GO:0030496","midbody","1/400","139/23407",0.909557459355246,0.932999661915949,0.873530495419852,"Clic4",1
"GO:0000794","condensed nuclear chromosome","1/400","155/23407",0.931476488056703,0.953027357960329,0.892281631097478,"Rcc1",1
"GO:0005819","spindle","2/400","272/23407",0.948213025868109,0.96766354947566,0.905984915404347,"Map9/Myc",2
"GO:0000151","ubiquitin ligase complex","2/400","283/23407",0.955807634712892,0.971770264614137,0.909829869540874,"Pcgf2/Hspa1a",2
"GO:0098802","plasma membrane receptor complex","1/400","182/23407",0.957120461630005,0.971770264614137,0.909829869540874,"Itga3",1
"GO:0032993","protein-DNA complex","1/400","186/23407",0.959999226541551,0.971791376767542,0.909849636010869,"Irf4",1
"GO:0043197","dendritic spine","1/400","192/23407",0.963959900110301,0.971791376767542,0.909849636010869,"Synpo",1
"GO:0098687","chromosomal region","2/400","298/23407",0.96446631613864,0.971791376767542,0.909849636010869,"Nudcd2/Psen2",2
"GO:0005938","cell cortex","2/400","309/23407",0.969755512899739,0.974653268015395,0.912529111022083,"Snx9/Phldb1",2
"GO:0000793","condensed chromosome","1/400","208/23407",0.97271178226233,0.975161937885157,0.913005358400808,"Rcc1",1
"GO:0099568","cytoplasmic region","2/400","468/23407",0.997310579419278,0.997310579419278,0.933742251029951,"Snx9/Phldb1",2
