# Position (bp)	A	C	G	T	N
0.0	15.14830421327941	33.10179403181505	32.223346831355	19.522238196372847	0.004316727177689418
1.0	17.615017726606254	24.71070921703067	29.626349519659005	28.04605672170471	0.001866814999356785
2.0	20.119831442426026	27.393146085912722	28.21937670798882	24.267184710089055	4.6105358337625204E-4
3.0	22.744532650323134	25.13204891037218	29.543283032387386	22.579511628539795	6.237783775090468E-4
4.0	23.029951939232053	24.565536099998365	29.006006443359432	23.397895299432154	6.102179779979806E-4
5.0	23.2025487042089	25.63952426140798	27.830934543861158	23.3245922998085	0.002400190713458724
6.0	17.954461647167264	25.801616236896923	25.168680069584738	31.07462278810673	6.192582443386915E-4
7.0	18.62670941266203	28.63114275927552	26.6196156964698	26.12193095388099	6.011777116572697E-4
8.0	18.285927532682596	28.17191078956692	27.14128426566052	26.40068756649681	1.8984559315492728E-4
9.0	23.716786174467558	25.535687762218572	26.964994551883493	23.782237702774303	2.938086560731018E-4
10.0	19.937991005115798	29.149570392983087	28.105478392362205	22.806811045144286	1.491643946217286E-4
11.0	18.34322022061685	27.78648355426388	29.059000484648678	24.81081208622136	4.836542492280291E-4
12.0	19.233632213578826	27.81989185852598	27.095432034780437	25.850063024216794	9.808688979671242E-4
13.0	19.902905731447497	27.317352492912207	27.023706561633237	25.754041835278933	0.0019933787281267365
14.0	19.764282287379036	27.28153947780348	27.686959262119	25.26397351708217	0.0032454556163151855
15.0	19.70628897880338	27.68623604081174	27.60458435522244	24.997733153215066	0.005157471947375525
16.0	20.118818932595865	27.34287316479203	27.493705488553623	25.036448093819164	0.008154320239321161
17.0	20.08211093111941	27.35335987374726	27.295746256357905	25.260077162289324	0.008705776486104523
18.0	19.60327966398415	27.551201582480545	27.56527275703986	25.272923380759476	0.007322615735975767
19.0	20.05844351383943	27.465526978369624	27.625146441014387	24.84277394786894	0.008109118907617608
20.0	19.81847416395843	27.35188631033372	27.92622347122542	24.892744020067223	0.010672034415209128
21.0	19.751151300519155	27.255819920064155	28.077453566706	24.901449796553326	0.014125416157360663
22.0	19.991527462385488	26.991893864380273	27.65763263810973	25.3419006129391	0.017045422185410258
23.0	20.137139032335316	27.406231871440905	27.418824962453513	25.023669677346565	0.014134456423701373
24.0	19.94450411104349	27.74779982586565	27.3842657709188	24.91362557244488	0.00980471972718198
25.0	20.33607949181037	27.46876808118217	27.383368506240686	24.807421494753402	0.00436242601336783
26.0	20.716797522405997	26.83545088944952	27.018474719437908	25.426654750798434	0.0026221179081430505
27.0	20.47921271396097	27.5877899337787	27.773343754355878	24.15870414973503	9.494481694209781E-4
28.0	19.50152694511819	28.204013124932146	28.977738265586943	23.316328290781392	3.933735813286993E-4
29.0	17.96112935607162	28.357784434251627	28.40653530234808	25.274424293442515	1.2661388616091234E-4
30.0	18.626611487842002	26.519130182783325	25.522484219331304	29.33154346463057	2.3064541279740143E-4
31.0	21.280575258409794	27.048701306337986	28.039509663239055	23.63096499225526	2.487797579038234E-4
32.0	20.99059967913569	26.562263695306754	28.359037779843003	24.087777646634052	3.211990805020351E-4
33.0	24.05381414114393	25.208713775819604	25.95611329805367	24.780824857077004	5.339279057962942E-4
34.0	18.235850496025687	27.766059657420712	25.539537329350924	28.454940597269434	0.0036119199332401326
35.0	18.300482920127756	29.292685158161703	24.583705287000516	27.822533049445518	5.935852645131484E-4
36.0	17.40235107330134	28.954898149738945	26.417117071998486	27.22522431793506	4.0938702617033856E-4
37.0	18.676756824207466	28.888139113151063	27.8815311419167	24.552774452891697	7.98467833073429E-4
38.0	21.9750467330267	29.82037154128084	27.314639749041064	20.88846620915072	0.001475767500676121
39.0	16.1125849113913	31.88946450670988	33.81032251464207	18.182195262525877	0.005432804730878543
