# Position (bp)	A	C	G	T	N
0.0	21.296895980548985	29.1035505935847	26.803805708140548	22.791514864410438	0.004232853315333705
1.0	23.045380647443295	23.287318217397885	23.123874938808108	30.542955879315674	4.7031703503707837E-4
2.0	28.266816043681747	24.93726335653753	21.281107924217654	25.51400989303774	8.027825253219096E-4
3.0	31.2432255088283	22.538257249957365	22.547882531346833	23.670626600953106	8.108914397191008E-6
4.0	31.816477103223317	20.5128045029126	22.95331203337759	24.71724418219855	1.6217828794382015E-4
5.0	31.730019857920468	21.438842527071813	21.570190722477513	25.25902507981807	0.0019218127121342686
6.0	28.282766278301025	20.732758805936406	18.518125086005174	32.466333611928604	1.6217828794382015E-5
7.0	27.36812127886986	23.446358355469993	20.47236534681381	28.71313880101754	1.6217828794382015E-5
8.0	26.62110375785744	23.4867488580824	20.49176187005189	29.40036929617948	1.6217828794382015E-5
9.0	33.83367497541174	20.06096768378672	20.242104613591174	25.863244618295965	8.108914397191008E-6
10.0	30.35663735321142	22.904707200480825	22.660539679067007	24.07805089592557	6.487131517752806E-5
11.0	28.036214736054433	23.162651767455472	22.07726546647706	26.72371396063949	1.5406937354662913E-4
12.0	28.658800965641962	22.6409323240546	21.15820110869943	27.541611502397767	4.5409920624269644E-4
13.0	29.297678004253452	22.14013387979848	20.96652259017863	27.594635693640996	0.001029832128443258
14.0	29.128558485585632	22.2477472827636	21.39084586275484	27.231210368187693	0.0016380007082325834
15.0	29.25882819537651	22.312618597941132	21.473110799314345	26.949093127395017	0.006349279973000559
16.0	29.406929407926803	22.307177516380616	21.35134734072612	26.923858185790962	0.010687549175497748
17.0	29.554235946866175	22.303431197929115	21.383839760715667	26.742405008325015	0.01608808616402696
18.0	29.349802105998595	22.353309130386233	21.396814023751173	26.88684910048218	0.013225639381818534
19.0	29.460878015411318	22.34948172279076	21.511984934934475	26.66799760981639	0.00965771704705449
20.0	29.418444066370814	22.475964569558148	21.423346391658782	26.677412059431532	0.004832912980725841
21.0	29.676396742259858	22.385663698831028	21.397868182622805	26.53887125695552	0.001200119330784269
22.0	29.623526620390173	22.291454331364463	21.231019159986207	26.853894472371998	1.0541588716348309E-4
23.0	29.752985438741327	22.217857824295557	21.34437367434454	26.684418161470703	3.649011478735953E-4
24.0	29.752944667283355	22.348656034462554	21.30629543181547	26.591966008432532	1.3785800609153982E-4
25.0	30.124954960792472	22.244514867216346	21.248571578948308	26.38179639918277	1.6219386010276764E-4
26.0	30.49481985151147	21.704491678794703	21.222068174638867	26.578555413943516	6.488111144587963E-5
27.0	30.47977311755808	21.746085443296952	22.01996389651307	25.75396666725333	2.1087537857199574E-4
28.0	29.31182091859682	23.172038889760838	22.5804839847202	24.935323649421125	3.325575010169365E-4
29.0	26.813223896724203	23.83457798818565	22.53416378825022	26.817855862316243	1.784645236862983E-4
30.0	27.591636948238214	21.88267241522692	19.495416174965445	31.02984445541546	4.3000615395599577E-4
31.0	30.222882793606733	22.165536642750528	22.80023480651103	24.810964366959666	3.8139017204591805E-4
32.0	30.453459078608734	21.494741283040415	23.04715098823687	25.003974991520423	6.736585935583142E-4
33.0	35.551827999873986	20.362194671618024	21.467472940262507	22.61774927809846	7.551101470240053E-4
34.0	27.34473764365098	21.258394437720984	20.150185629262232	31.24587774961618	8.045397496272298E-4
35.0	26.99849235530906	23.480709028646064	19.346920728343438	30.1729577480845	9.201396169369203E-4
36.0	26.825438021184922	23.20289075807321	19.677527003008798	30.293397535933654	7.466817994178015E-4
37.0	31.28312277414411	21.501508317497787	20.45460945778329	26.760305505222266	4.5394535254530944E-4
38.0	33.05568223559411	22.981632084494898	18.98449732079112	24.976033601376745	0.00215475774312195
39.0	26.04257417850317	26.6996171375457	24.678852739996607	22.57696314891815	0.001992795036377727
