# Position (bp)	A	C	G	T	N
0.0	12.317651792318559	35.135834305083456	33.68171938720421	18.86206991497661	0.002724600417166597
1.0	14.801658459949167	25.48010991239905	32.08192484225789	27.634216483486547	0.002090301907350035
2.0	16.299395816253526	28.942745477487662	30.33304852369184	24.42457232062579	2.3786194118121087E-4
3.0	18.81924755762638	26.35271725552874	32.203731779955504	22.623323127374203	9.80279515171051E-4
4.0	18.80874559252635	26.675308503333746	31.137209291262234	23.377907700052344	8.289128253284622E-4
5.0	19.222337052677194	27.90963177962394	29.87683652844389	22.990581964557993	6.126746969819068E-4
6.0	13.358614934241263	28.05097943618647	27.523754839589508	31.065764213656532	8.865763262208768E-4
7.0	14.68643957722851	30.9927405977139	28.749817819376865	25.570237964293895	7.640413868244955E-4
8.0	14.615419767941889	29.87836461121754	29.566491566640916	25.939507816071306	2.1623812834655533E-4
9.0	19.2324497891462	27.553242512358366	29.744671784398474	23.469116942588922	5.189715080317328E-4
10.0	15.339154367642587	31.652490335236855	30.040629702728793	22.96752377213864	2.0182225312345164E-4
11.0	14.18154517135214	29.482908322097362	31.847861484197963	24.487274169908677	4.1085244385845516E-4
12.0	15.085593538343417	30.1762182171397	28.96558022384106	25.772406198422704	2.0182225312345164E-4
13.0	15.916027238507915	29.425641257773584	29.157758256440257	25.500472336151685	1.0091112656172582E-4
14.0	15.815555796140496	29.2784623796833	29.902540033966684	25.003160680642665	2.811095668505219E-4
15.0	15.791618235332534	29.660576776284504	30.04876025635463	24.49865550339732	3.8922863102379955E-4
16.0	16.156887681735533	29.249616213361872	29.82853613850888	24.76430404407106	6.559223226512179E-4
17.0	16.135307116526544	29.491456936104658	29.400211653880028	24.972534153731182	4.901397575855255E-4
18.0	15.32318157789539	29.447495724611805	30.036492346539767	25.190949079236425	0.0018812717166150313
19.0	15.829596858607797	29.67256357653251	30.00934004555705	24.482387188208044	0.006112331094595964
20.0	15.96136516608458	29.48085405987807	30.129445909978337	24.415057842978538	0.013277021080478497
21.0	15.813378998981806	29.218189605375507	30.4637428484645	24.484340539300774	0.020348007877410857
22.0	15.933758765032335	28.776126791659035	30.050908221762867	25.21413701453279	0.025069207012977313
23.0	16.025277948886206	29.60015984322447	29.753191566655328	24.60274533044574	0.018625310788249968
24.0	16.140733668729286	29.53161699699888	29.819583216651154	24.495206750014688	0.012859367605998779
25.0	16.45162292518741	29.518360406895265	29.6304866249028	24.394455349509066	0.005074693505451943
26.0	16.931189279113767	28.738500633565366	29.061807116721788	25.26561952370359	0.00288344689548644
27.0	16.482794724719056	29.577512407913844	30.28763695418732	23.651133177314076	9.22735865705022E-4
28.0	15.766745512049212	30.031771252747635	31.497862811918075	22.703259959786692	3.604634983847631E-4
29.0	14.660439598627214	29.183491108057723	30.959377796913927	25.19660497997217	8.651642896518132E-5
30.0	15.239782240516176	27.70500069110653	27.65881876807395	29.396318987086584	7.931321676165145E-5
31.0	17.987470557497595	28.271054625352043	30.07335908393956	23.66790660148103	2.0913172976892098E-4
32.0	17.459242261300005	28.05769316900249	30.44314067634114	24.03984455850552	7.933485084074387E-5
33.0	19.453868413436748	26.67575609197319	27.95102876751894	25.919014908465677	3.3181860544430656E-4
34.0	14.696707800995549	29.851245098240113	27.559362992726623	27.888131211168698	0.0045528968690211665
35.0	14.819205896066572	31.22478378258139	26.523856859995576	27.43185735225889	2.961090975692476E-4
36.0	13.629148477548137	30.84311047512091	28.81808466317677	26.70946075678809	1.956273660948793E-4
37.0	14.06774728303574	30.855846420636524	31.016108762946278	24.059506971829336	7.90561552125011E-4
38.0	18.028778554102924	31.99385999186411	30.410634804766907	19.56555120060921	0.0011754486568490417
39.0	12.696235980566112	33.326841664992095	37.61847523578919	16.352593632049988	0.005853486602616759
