# Position (bp)	A	C	G	T	N
0.0	20.950405981952123	28.88003557537967	28.815523457591546	21.350417388968264	0.0036175961083936593
1.0	23.880215447498152	21.8054585796834	24.23400425465579	30.07897141766538	0.0013503004972834271
2.0	26.430912933127775	23.471568163421026	23.90730207239888	26.18968275697503	5.340740772837436E-4
3.0	29.471638499969316	21.95582562461223	24.505102271658895	24.06694991402919	4.836897303701829E-4
4.0	29.724315999740824	20.84795445093809	24.79005598406323	24.63712941431119	5.441509466664557E-4
5.0	30.370737093772426	21.797467622262907	22.68721488127886	25.14332079401297	0.001259608672839018
6.0	24.761991902832374	21.960108294099882	20.567787251490547	32.7096389387162	4.7361286098747076E-4
7.0	25.429020194751622	24.109020843702012	22.15096420020845	28.31053122534631	4.635359916047586E-4
8.0	24.77875981348521	24.108547230841022	22.474230170005853	28.638382170712852	8.061495506169715E-5
9.0	31.296408392137742	20.68633154290877	22.230047471123974	25.787041287050005	1.7130677950610642E-4
10.0	27.349469961708905	23.728427563986358	24.502653592398897	24.419317882603867	1.3099930197525787E-4
11.0	25.46031895105433	23.835796607259155	23.747382155295238	26.95624028778733	2.6199860395051573E-4
12.0	26.201089773116266	23.339198407209718	22.676462861647508	27.782805575773672	4.433822528393343E-4
13.0	26.922845542653018	22.67498156184825	22.513731497986086	27.887514325529438	9.270719832095172E-4
14.0	26.723081684010136	22.769220444315373	23.039542542376008	27.466472492111578	0.001682837186912928
15.0	26.837816918801693	22.870523212219776	23.082077008040436	27.20611641787044	0.003466443067652977
16.0	27.01197545234311	22.888832883888163	22.910891150966922	27.182022623176376	0.006277889625429665
17.0	27.12684168643664	22.815312044871895	22.894032548489644	27.15554061043861	0.008273109763206669
18.0	26.869629595442916	22.92882797846815	22.981116853695042	27.213674069907473	0.006751502486417135
19.0	27.003541112669776	22.914720361332353	23.05459738523378	27.02014779341249	0.006993347351602227
20.0	26.939502607742643	23.042505141974523	22.9388242328958	27.071872363953954	0.007295653433083591
21.0	27.18256677412304	22.921895092332843	22.921653247467656	26.966226465345596	0.007658420730861229
22.0	27.112572839390726	22.888177887378287	22.849724553813857	27.14072761244602	0.008797106971107702
23.0	27.161858807541567	22.87722433035928	22.86920314233064	27.085415676404317	0.006298043364195089
24.0	27.14697092688413	23.072038584774795	22.94741000404612	26.82994250275998	0.00363798153497627
25.0	27.41502316473518	22.993587243421707	22.81575746214881	26.774241338545778	0.0013907911485213774
26.0	27.72222971418919	22.570662519006245	22.775485504656544	26.930785715164017	8.365469840062297E-4
27.0	27.60891558509825	22.734038443065618	23.291199514081683	26.36542311371757	4.233440368817325E-4
28.0	26.72837817377137	23.74979057751011	23.873478372982312	25.64812102412285	2.3185161335457228E-4
29.0	24.615268599463477	24.254841409919464	23.542092635161204	27.587736865871303	6.048958455047618E-5
30.0	26.012066594955975	22.183126852509492	20.990523137185626	30.81410192033821	1.814950107021558E-4
31.0	28.579634554275817	22.40443076972724	24.00295075387425	25.01274189172972	2.420303929665968E-4
32.0	28.362403519084772	22.103797346807614	23.932148766299026	25.60124691408332	4.034537252697996E-4
33.0	31.949837820386705	20.780167173635597	21.88867870276487	25.380842123317038	4.741798957813122E-4
34.0	25.058472322326953	22.926701601858518	21.796335953153104	30.21727894091038	0.0012111817510438115
35.0	24.788944475695455	24.740184138766885	20.960201535986	29.50984083283424	8.290167174254056E-4
36.0	24.037719805033646	24.660629572066757	22.317483501908164	28.983699234293248	4.678866981845996E-4
37.0	26.22225360561174	23.928736780671567	23.506808138734364	26.341494308767903	7.071662144269396E-4
38.0	29.372186048725652	24.668931335735707	22.3378124487878	23.61936112762192	0.0017090391289226773
39.0	21.42916479681433	28.705620469899923	28.797689586323706	21.06380585754676	0.0037192894152809344
