# Position (bp)	A	C	G	T	N
0.0	22.23096409295935	26.14977196997799	27.916506624674742	23.700165695841953	0.002591616545963093
1.0	25.196817804328308	18.670289256640565	24.37936263510413	31.751338389435386	0.002191914491610576
2.0	26.408882050115672	20.564387036914546	23.683236379797922	29.3431850864201	3.0944675175678725E-4
3.0	29.913289152073354	19.74804071855083	24.41777271316594	25.919775671734758	0.0011217444751183536
4.0	29.65501715688834	19.646078013846967	24.779399923437715	25.918550778342393	9.541274845834272E-4
5.0	30.913201862302124	20.56946712108922	22.173819592801596	26.34299567922079	5.15744586261312E-4
6.0	22.0608328475664	21.8447100786936	21.31404758027468	34.77950694043936	9.025530259572962E-4
7.0	24.782752263248415	23.448804678112843	22.351454921924653	29.41617583899073	8.122977233615665E-4
8.0	24.27471805855171	23.255645436943325	22.927361114173344	29.542017518038488	2.57872293130656E-4
9.0	30.681709904758737	19.756666546756048	22.709226941414123	26.8519195433288	4.770637422917136E-4
10.0	26.06551219819755	23.09156129682429	24.968510569605083	25.874274105611857	1.418297612218608E-4
11.0	24.184630372946515	23.09322457311498	24.314688263986962	28.406979726209254	4.770637422917136E-4
12.0	25.082967186911127	22.636700358971126	22.74338212663928	29.536782710487934	1.6761699053492642E-4
13.0	26.09739810724316	21.59224021010403	22.545671439496004	29.76461288146887	7.736168793919681E-5
14.0	25.919762778120102	21.675532960785233	23.173719409415718	29.23089459637635	9.025530259572961E-5
15.0	26.03732675655837	21.783388047387128	23.329422700008006	28.84970777267062	1.5472337587839363E-4
16.0	26.186273793070637	21.86946581883414	23.128462821971286	28.81539786406958	3.9970205435251683E-4
17.0	26.400913796257935	21.696459297372783	23.111249846404817	28.791144974900647	2.320850638175904E-4
18.0	26.002591358673673	21.93058155230611	23.218589188420452	28.84675513491427	0.001482765685501272
19.0	26.14747690656913	21.88096692310777	23.36090890699926	28.605489817461226	0.005157445862613121
20.0	26.112135508795575	22.00831715507034	23.23037395221652	28.638781130504398	0.010392253413165438
21.0	26.340494317977424	21.841692972863967	23.215262635839064	28.588728118407737	0.013821954911803162
22.0	26.24304437840335	21.87293420117675	23.1001613378002	28.766556851750636	0.01730323086906702
23.0	26.341022956178346	21.80974259574508	23.17210770758365	28.666670019006478	0.010456721486448101
24.0	26.260844674158516	22.050728931015076	23.234128915671196	28.44843070142808	0.005866777727132944
25.0	26.507018992568128	22.03484506741503	23.092374656426028	28.36442025550711	0.001341028083706973
26.0	26.788509756164235	21.657632369348274	23.010030313768393	28.54286042926194	9.671314571498867E-4
27.0	26.68870629707902	21.87393771577749	23.584411973616408	27.85264741216602	2.966013610649588E-4
28.0	26.009435020743894	22.713329352638414	24.080207993458934	27.19702763315876	0.0
29.0	23.87629392509744	23.03792848169997	23.73928553925046	29.34649205395213	0.0
30.0	25.745784377333862	20.68777240474621	21.147959874676083	32.41845754581301	2.5797430833863252E-5
31.0	28.63630693449541	20.8883947858252	24.209193937616853	26.266065641718146	3.8700344394364764E-5
32.0	27.92617342641752	20.93040928007002	23.977057856971822	27.16635943654064	0.0
33.0	31.12868508617799	19.254793433102137	21.522360106827126	28.093993625831754	1.6774806099371112E-4
34.0	24.518464699200084	22.311986420321812	22.433832821832294	30.733767032519953	0.0019490261258562325
35.0	24.266930940734422	23.655898411835047	21.463215575486984	30.613683628317155	2.7144362639378223E-4
36.0	22.98948049274054	23.57560037935115	23.710174888368023	29.72461425353718	1.2998600310718542E-4
37.0	24.25225805910773	23.120976400739142	25.243476780968898	27.382397231847538	8.915273366898229E-4
38.0	28.877485601976115	24.29249965738887	23.847419386107703	22.982020436336168	5.749181911469284E-4
39.0	21.35648778336181	27.151186421518414	30.699257667486123	20.789244670502498	0.00382345713114929
