# Position (bp)	A	C	G	T	N
0.0	14.28274637876876	34.55064675739666	32.02681356067599	19.135719151912255	0.0040741512463256776
1.0	16.858339173655803	25.25910261126279	29.918567313893735	27.96223609932291	0.0017548018647569029
2.0	19.3935668210908	28.384498823647636	28.541866443958945	23.679635091539733	4.32819762889102E-4
3.0	22.08442140066027	25.860957309810644	30.050789046893716	22.003145376489915	6.868661454544444E-4
4.0	22.420680015361338	25.333011290338742	29.347720387706772	22.897892031322414	6.962752707346424E-4
5.0	22.401127853029088	26.475114439662363	28.237899947219514	22.883703070399875	0.002154689689165312
6.0	17.132935085833097	26.611772575231956	25.418300306441093	30.836347507412153	6.445250816935541E-4
7.0	17.75180148288755	29.48918188173191	26.90824940824835	25.85020738417802	5.598429541717732E-4
8.0	17.567886015598166	28.92532123106549	27.41033915145027	26.096251305692554	2.022961935242542E-4
9.0	23.001754660727876	26.291692951450184	27.361679860063724	23.344491458184365	3.8106957384801375E-4
10.0	19.174456520690832	30.076871142170425	28.313582246410785	22.43487368084652	2.16409881444551E-4
11.0	17.451405749191956	28.513041588663057	29.77910525899064	24.25580758263529	6.398205190534552E-4
12.0	18.363549876667538	28.715366009563155	27.548084040989725	25.372082683064768	9.173897148192924E-4
13.0	19.10311182825373	28.10074312801007	27.624265023820847	25.16994174010763	0.0019382798077207614
14.0	19.080435836328455	27.983665382148565	28.26311640297044	24.669790276713435	0.0029921018391029226
15.0	19.040164780129206	28.417167306620485	28.145403541152525	24.392230490072876	0.005033882024905861
16.0	19.30378024310451	28.14031320437594	28.181308763221764	24.366952875007627	0.0076449142901607705
17.0	19.273722792396917	28.135321663414793	27.906585827853185	24.676353141596373	0.008016574738728586
18.0	18.695263883858274	28.323094872069067	28.219340447604324	24.755243952508195	0.007056843960148404
19.0	19.140550737743638	28.24264685092337	28.28927847581203	24.319841384729678	0.00768255079128156
20.0	19.07027398102584	28.13740578466436	28.509202665548738	24.272706371638524	0.010411197122538945
21.0	19.002382437566574	28.0357966407635	28.67769657650388	24.27010945306119	0.014014892104854728
22.0	19.257802552422824	27.62813687887365	28.32263852949297	24.774382113328116	0.017039925882438342
23.0	19.33421876338595	28.077944817456146	28.069260194822526	24.505130584309974	0.013445640025402756
24.0	19.1725487135197	28.388678373032594	28.062885736961462	24.366938664726785	0.008948511759459488
25.0	19.593934241824453	28.05388219702309	28.078719879311166	24.26944090890014	0.004022772941144809
26.0	19.98175592901723	27.478514493906065	27.661185760157704	24.87618178988198	0.0023620270370224685
27.0	19.70203186995475	28.21256154124899	28.608391485654185	23.476125766834937	8.893363071359169E-4
28.0	18.76728590884405	28.939815472974562	29.627856585185103	22.66460909852266	4.3293447362626717E-4
29.0	17.296442040411687	28.820195067382233	29.116238727762898	24.76699239077669	1.3177366649167436E-4
30.0	17.95064070130023	26.98086956521739	26.046135200329466	29.022109784079543	2.447490733658881E-4
31.0	20.624920119673966	27.448497049459075	28.682449489154283	23.243855599437264	2.7774227541065255E-4
32.0	20.36769353093964	27.056346272056697	29.02261640029891	23.553051891994503	2.9190471024973484E-4
33.0	23.27876255696474	25.73789686954413	26.614457476728486	24.368379228870218	5.038678924312685E-4
34.0	17.53347613065729	28.268278776603275	26.175783907754035	28.01911672795659	0.0033444570288145227
35.0	17.495987908268532	29.87843097976148	25.05919108534721	27.56577698956932	6.130370534685259E-4
36.0	16.619293048148695	29.53655650028245	26.885091804373463	26.95860895757117	4.496896242213624E-4
37.0	17.875300336840805	29.502676957307745	28.550107001035247	24.071249362629214	6.663421869930005E-4
38.0	21.36930343058682	30.3482066844596	27.82234599464773	20.458369555288936	0.0017743350169098988
39.0	15.565038225113678	31.980353697523732	35.01839691236709	17.430949713058936	0.0052614519365597875
