# Position (bp)	A	C	G	T	N
0.0	22.080295351481094	25.488095388714072	27.778194489881123	24.650895669949556	0.0025190999741538083
1.0	23.84873742257439	19.905114654067702	24.52468085375574	31.719173897876818	0.002293171725350776
2.0	26.106381930800886	21.45322020051584	22.787281324047985	29.652687280962564	4.292636727257611E-4
3.0	29.781048415520004	20.280844628239585	24.463250962906198	25.473839316214598	0.0010166771196136446
4.0	29.373044591006607	20.196065052876246	24.848447330702925	25.581674869368285	7.681560459303092E-4
5.0	30.45577183415782	21.226286571005634	22.420057548443534	25.897115890347077	7.681560459303092E-4
6.0	21.59541944031247	22.51805392636185	21.550776018348987	34.33497116251832	7.794524583704609E-4
7.0	24.373975415391676	24.093124009304628	22.621845363861965	28.910332241045563	7.229703961697028E-4
8.0	24.06418260063296	23.802444724394647	23.172048428171987	28.96103054007696	2.937067234439418E-4
9.0	30.468051034480265	20.233207656979467	23.066709382167573	26.231568773462648	4.631529100462159E-4
10.0	25.690199503680823	23.63573226960289	25.404185637108622	25.269769625483264	1.1296412440151606E-4
11.0	23.779863195926783	23.73561514839871	24.7838431479577	27.70032831893116	3.501887856446998E-4
12.0	24.732941513502375	23.276946914091234	22.986120775819533	29.003911721699776	7.907488708106124E-5
13.0	25.78751809685273	22.140640786736384	22.83858962935115	29.233228894234852	2.2592824880303213E-5
14.0	25.674520083213892	22.09381715717196	23.497068806900028	28.734469692177278	1.242605368416677E-4
15.0	25.77722706511975	22.2386371646547	23.685041109904155	28.298959103372113	1.3555694928181928E-4
16.0	25.892043801161453	22.368523314891565	23.483445333497208	28.255513101127296	4.7444932248636747E-4
17.0	26.09609089906791	22.229577441877698	23.488268901609153	28.18591590408352	1.468533617219709E-4
18.0	25.775622974553247	22.378814346624544	23.62838960151679	28.21603213964896	0.0011409376564553123
19.0	25.907949149877187	22.35790468719782	23.77589815516029	27.953447032477634	0.004800975287064433
20.0	25.845909252755874	22.44047016572289	23.661171790418113	28.042056091658186	0.01039269944493948
21.0	26.07680792303257	22.36312362974517	23.61769189893597	27.92844807174758	0.01392847653870693
22.0	25.9972246973917	22.289776023771264	23.518961254209042	28.176788402831875	0.017249621796111503
23.0	26.149172741124183	22.23650214270351	23.553404015739066	28.050438029688777	0.010483070744460692
24.0	26.12357516485843	22.388787423933763	23.567573344250654	27.914054118232634	0.006009948724518298
25.0	26.430828099307067	22.40263411939285	23.487722750912695	27.677628795457508	0.001186234929873745
26.0	26.717708439370647	21.98904966201189	23.388725248560878	27.90392914920499	5.875008515937825E-4
27.0	26.590634403026886	22.23004220871922	24.065240757598886	27.113822759535267	2.5987111974284965E-4
28.0	25.890124075333343	23.11742919109337	24.486680483700127	26.505743650865217	2.2599007948749066E-5
29.0	23.63975671038741	23.520738177081768	24.23962955538012	28.599875557150707	0.0
30.0	25.526601715212976	21.15552915270938	21.42884834198377	31.88900948750561	1.1302588258803502E-5
31.0	28.4108983609908	21.288534848813367	24.69674836654136	25.603761900638418	5.6523016059093224E-5
32.0	27.737354617964392	21.354599872907322	24.517126981865548	26.390861991374887	5.653588785088999E-5
33.0	31.06368585911261	19.689438253596393	22.0992498962117	27.14746762200923	1.5836907006813264E-4
34.0	24.46112756324333	22.481731113054117	22.805089676009622	30.250421154203693	0.0016304934892356856
35.0	24.175458938250582	23.716273881089613	21.690871299844574	30.41716893223758	2.26948577650853E-4
36.0	23.029175391346797	23.375905654965187	23.66719979284937	29.927639100413618	8.006042503393418E-5
37.0	25.159517054559704	22.008129235640062	25.583553595030136	27.248142675575593	6.574391945054988E-4
38.0	29.548544452796584	24.107204484055945	24.38462630291093	21.958893243510946	7.315167255989912E-4
39.0	22.726539642372483	26.906386170659275	29.78607937407231	20.576956727633597	0.004038085262334821
