# Position (bp)	A	C	G	T	N
0.0	20.618541534790157	29.922541545797138	27.11844961591457	22.3363926037744	0.004074699723735358
1.0	22.368937283386053	23.983322730294354	23.57391595259759	30.073231350125823	5.926835961796885E-4
2.0	27.56880447992597	25.617330237690467	21.680630539144158	25.132366885116436	8.67858122977401E-4
3.0	30.524528157709717	23.17376985609113	23.028572958662753	23.27311844390075	1.0583635646065867E-5
4.0	31.124916640639743	21.101811505660816	23.479827431704063	24.29322216564681	2.2225634856738323E-4
5.0	31.031960568760347	22.114549016997213	22.04778744334183	24.803766165577382	0.0019368053232300538
6.0	27.818726452072163	21.32677726495359	18.911919703226392	31.942544828840912	3.1750906938197603E-5
7.0	26.77884191530361	24.093847637346222	20.899748733906126	28.227561713444043	0.0
8.0	26.011771754583695	24.13353627101897	20.900076826611155	28.954615147786182	0.0
9.0	33.06872833066749	20.697876467593066	20.732728379775562	25.50066682196388	0.0
10.0	29.60527590003502	23.551764403190372	23.16729267107574	23.67565644206322	1.0583635646065867E-5
11.0	27.323168880216425	23.829521337085726	22.598168247844193	26.249056865768488	8.466908516852693E-5
12.0	27.93473368238869	23.354834694724026	21.646466563278658	27.063541714182783	4.2334542584263464E-4
13.0	28.62096603404396	22.813217140536604	21.44020208817248	27.12453520641106	0.0010795308358987185
14.0	28.449193627508308	22.910247912139738	21.90547987844483	26.73345928565328	0.0016192962538480779
15.0	28.604974160582753	22.964552546639702	21.95064025174659	26.473705115991887	0.006127925039072137
16.0	28.746879547325204	22.984100521677988	21.817402862598268	26.441181603651525	0.010435464747020944
17.0	28.85990219238954	22.940517110087484	21.845100237084022	26.338107576094487	0.016372884344463896
18.0	28.66221046215668	23.024148998962698	21.861420203250255	26.439689311025425	0.012531024604941985
19.0	28.747271141844106	23.03372718922239	21.987598307422655	26.22194159124327	0.009461770267582886
20.0	28.7128531587231	23.126122328412542	21.86550548660964	26.290936312019973	0.00458271423474652
21.0	28.975147400939548	23.05306349154775	21.8631770867675	26.10724673174685	0.0013652889983424969
22.0	28.927764464152116	22.92142423138198	21.67171911793017	26.478944015636685	1.4817089904492213E-4
23.0	29.02088987420185	22.892626158789035	21.79826764935018	26.287740054054858	4.7626360407296406E-4
24.0	29.040494860270176	23.0022834070796	21.79250313447208	26.16459158934828	1.2700882986553362E-4
25.0	29.42220237021027	22.93736507938188	21.691334967243296	25.948981152525725	1.1643063882845375E-4
26.0	29.778937534256205	22.35651136199807	21.67040287306474	26.194042379144538	1.0585153644563666E-4
27.0	29.72239065336983	22.388927891520556	22.52294356860248	25.365557928646922	1.7995786022059022E-4
28.0	28.558042680590052	23.878305903675425	23.06294317794448	24.50038005585445	3.2818193559588314E-4
29.0	26.188009031209553	24.48459374114944	22.926281296237967	26.40091476729813	2.011641049123745E-4
30.0	26.982776439772394	22.521447383914737	19.911969787716007	30.583298106564715	5.0828203214545E-4
31.0	29.552654764954728	22.781890218193347	23.237050578657133	24.427949023649465	4.5541454532629764E-4
32.0	29.716237903802455	22.126007023342282	23.489393481957002	24.667450569123776	9.110217744797378E-4
33.0	34.66969547157634	21.066705242068593	21.856462413092746	22.40628906223092	8.478110313992115E-4
34.0	26.615992248214138	21.95491808278012	20.576292454896603	30.852065313144887	7.319009642530023E-4
35.0	26.288363597479663	24.264966769565543	19.736654413898385	29.709143615043544	8.716040128648752E-4
36.0	26.155648651743686	23.94926399389646	20.052975342341313	29.841201451454964	9.105605635791414E-4
37.0	30.53062658616492	22.19912898059483	20.92370378484399	26.34614512002034	3.9552837591983695E-4
38.0	32.193604085286225	23.81391514179218	19.511506431626955	24.478622236248963	0.0023521050456739045
39.0	25.325796756385927	27.43598938667024	25.191548040175103	22.044292675500103	0.0023731412686285856
