# Position (bp)	A	C	G	T	N
0.0	18.165990781734962	28.482835231263838	30.212206129045022	23.135947491599104	0.0030203663570746602
1.0	20.071034740093467	21.957293623445313	27.39240278964244	30.576772367015675	0.0024964798031041884
2.0	22.17146165417714	23.62950208325092	25.282770440396146	28.915929037962528	3.3678421326673204E-4
3.0	25.389092681946334	22.392424172767093	27.178175955317823	25.039270108423135	0.001037081545615016
4.0	25.430287271588135	22.208732440445324	27.09172932813153	25.26833683125614	9.14128578866844E-4
5.0	26.35493100200253	23.2170964496529	25.07148913149232	25.35570827858362	7.751382686297801E-4
6.0	18.4521397558261	23.792901230278076	23.68893113243959	34.065033566159926	9.943152963113042E-4
7.0	20.655783012604285	26.228407053437497	24.830667035881955	28.284191349029257	9.515490470075921E-4
8.0	20.33949987009752	25.638457335855115	25.652324292191846	28.369445867016207	2.7263483931116403E-4
9.0	26.19932065812981	22.699175787460295	25.448527076916168	25.652479319845572	4.971576481556521E-4
10.0	21.79308726346255	26.33766947462732	26.92175487027393	24.947365438669454	1.22952966748172E-4
11.0	20.171203987525086	25.377936036659225	27.198254709365916	27.25218829551906	4.1697093071119205E-4
12.0	21.089117379455306	25.29551478268865	25.14679515073499	28.468439042591974	1.336445290741E-4
13.0	22.034417208283394	24.391719598809818	25.060824298072205	28.512905250305508	1.336445290741E-4
14.0	21.894534152592115	24.474242422622492	25.7376215764281	27.893404054454262	1.97793903029668E-4
15.0	21.891166310459447	24.705249664017654	25.89315707936454	27.51007412460161	3.5282155675562404E-4
16.0	22.217697315455613	24.522520172305217	25.603207254866533	27.655714586605395	8.60670767237204E-4
17.0	22.293142325008528	24.75983008969152	25.349453714622953	27.596975143186746	5.98727490251968E-4
18.0	21.773751572996108	24.645483830615717	25.802791994585796	27.7760213916779	0.0019512101244818602
19.0	22.084309383877336	24.81258760398881	25.92088030047567	27.17574897066984	0.0064737409883494045
20.0	22.093803491222765	24.71962981534603	25.923628031993427	27.249226732754778	0.013711928683002661
21.0	22.065604495588126	24.527582627066547	26.186635119430097	27.19868237185895	0.021495386056278244
22.0	22.128962693931577	24.40760191464498	25.666127099154618	27.77077718035703	0.026531111911790334
23.0	22.23848171261722	24.70671975383747	25.639120212719323	27.39536969818789	0.020308622638100238
24.0	22.19638902513836	24.916539141614955	25.698540133303215	27.17438610887989	0.014145591063578978
25.0	22.53232978289845	24.801080287117802	25.59735257374674	27.063548933295063	0.005688422941944351
26.0	22.873622792051062	24.333124249082434	25.211224637752444	27.57872952339484	0.0032987977192208803
27.0	22.676874059130768	24.84834210519984	25.98378797596187	26.4899158066566	0.00108005305092263
28.0	21.90757798021696	25.621675596265835	26.790963108041645	25.67937158322387	4.1173225169310185E-4
29.0	20.14804418843831	25.283883806414188	26.43419478712645	28.133770263587067	1.0695443398857897E-4
30.0	21.392414122443633	23.295146987904378	23.65742838669537	31.654930270552228	8.023240439185763E-5
31.0	24.321471491263736	23.83967265005037	26.477425144933925	25.361232775053477	1.979386984920709E-4
32.0	23.763400199916454	23.640519162084555	26.41374593894624	26.182249086311394	8.561274135903912E-5
33.0	26.630027380428974	21.934466091270988	23.94355264425073	27.491616627313803	3.372567355121867E-4
34.0	20.62441412221746	25.01634979731716	24.227273513853383	30.12653004609767	0.005432520514327898
35.0	20.522594656198763	26.406233885378054	23.28615584960407	29.784682746664682	3.3286215442667204E-4
36.0	19.414808383466614	25.96616490136971	25.63838839704693	28.980443695749013	1.9462236773247642E-4
37.0	21.109387540143654	25.02225767587321	27.651282304017812	26.21614979612002	9.226838453086831E-4
38.0	24.85418038457371	27.38625458768486	27.036309737144066	20.722143966482463	0.0011113241148998003
39.0	18.97437184723586	29.499489435837905	32.36586052757563	19.153721495046884	0.006556694303722545
