# Position (bp)	A	C	G	T	N
0.0	17.794722797000738	27.374057100985578	33.467594761946415	21.360654488194978	0.0029708518722862827
1.0	19.153077689941806	23.134322346955656	28.59833822845418	29.11170229812282	0.002559436525541098
2.0	21.078462536518526	24.155264687311345	27.214878337985937	27.55106963659466	3.248015895356723E-4
3.0	23.65107301453119	22.762164685665685	29.167351637129933	24.418232715575144	0.0011779470980493715
4.0	23.73120806270143	22.749449786107327	28.89451830191997	24.623871097941972	9.527513293046388E-4
5.0	24.87078959699485	23.72319629015955	26.790206755699835	24.615088462960927	7.188941848389547E-4
6.0	18.071531703666622	24.32457292921664	25.354570737888583	32.24832857102025	9.960582079093952E-4
7.0	19.69314478095814	26.65141687114731	26.503025851608115	27.151403446014942	0.001009050271490822
8.0	19.371162469219634	26.09925849962453	27.04194097965356	27.48734789541562	2.901560866518673E-4
9.0	24.565718621351504	23.615072006347056	26.80955626906044	25.00903814556481	6.149576761875396E-4
10.0	20.501381056358706	27.09744740596128	28.32328758105965	24.077689075666644	1.948809537214034E-4
11.0	19.154701697889482	26.170992013345444	28.341337888062114	26.332509347789745	4.5905291321041684E-4
12.0	20.123827357994582	26.097262052520847	26.411094009705938	27.367682328454958	1.3425132367474456E-4
13.0	20.768428592587075	25.564656736688114	26.386166570381043	27.28062251039582	1.255899479537933E-4
14.0	20.58680820509445	25.436593965965994	27.13670509141649	26.83968486450577	2.078730173028303E-4
15.0	20.508002678097373	25.81507443153226	27.13258227657332	26.54404612702254	2.944867745123429E-4
16.0	20.91879873647851	25.411675188016815	26.962368920905185	26.706412276287494	7.448783120018085E-4
17.0	21.080199142350576	25.468970188410907	26.678561622656773	26.77177534816565	4.936984160942219E-4
18.0	20.670944808847768	25.525641569753088	26.939407613868944	26.86226074032243	0.001745267207771679
19.0	20.84477861956726	25.786284018635815	26.92366989418397	26.43921749667187	0.006049970941084456
20.0	20.770988029112615	25.62151000692044	27.110985136213124	26.48339051284872	0.013126314905101638
21.0	20.819738582357992	25.488241749390024	27.267591470623646	26.40393538267257	0.020492814955770686
22.0	20.880034749439393	25.39488078049389	26.760312017398974	26.93917375672448	0.02559869594327145
23.0	20.896318135794782	25.886080389692616	26.73378655425356	26.46476422436081	0.0190506958982323
24.0	20.967264072133695	26.12984236951274	26.51296471768985	26.37652044630724	0.013408394356469181
25.0	21.144673541885357	25.927022166518952	26.551340808837587	26.37219064948256	0.004772833275535275
26.0	21.53744408980005	25.498880020180252	26.0628980112367	26.89760738907747	0.0031704897055238766
27.0	21.27915556630729	25.96185728458986	26.680162162525072	26.07795868749625	8.662990815280563E-4
28.0	20.737713020673283	26.297179731605407	27.67016854172538	25.294683128404866	2.555775910607795E-4
29.0	19.22835767479696	26.36002434196905	27.118668225520796	27.292858780751892	9.097696129757754E-5
30.0	20.433106184527468	24.576093463431743	24.54461482626912	30.446120532026665	6.499374500198101E-5
31.0	22.81072123910737	25.1457655732062	26.976514868814345	25.066811974685443	1.8634418663991052E-4
32.0	22.31926024572364	24.808311772164256	26.99316053074198	25.879224106528444	4.3344841677764395E-5
33.0	24.595334327272226	23.368391225380595	24.58705993560806	27.448858903711624	3.556080274956127E-4
34.0	19.502885869361418	26.91482892070604	25.0373862700464	28.53969072952444	0.005208210361699793
35.0	19.598388899155335	27.947569967554557	24.618240547302378	27.835513473576434	2.8711241129531547E-4
36.0	18.547319493482416	27.756192015707885	26.98555373043853	26.710768274181373	1.6648618979530787E-4
37.0	20.031402731221018	26.7688406527193	29.097481399307068	24.101235420896813	0.0010397958558039792
38.0	22.999257533165558	28.596446342576264	29.297557282761705	19.105557244517648	0.0011815969788279018
39.0	17.307636885633855	32.68467634742599	31.34351740974758	18.65780072668531	0.006368630507270869
