# Position (bp)	A	C	G	T	N
0.0	21.860620352915777	26.069124046595537	28.946604387087383	23.12106634065562	0.0025848727456807812
1.0	25.306752018475432	19.034713393445752	24.334922582027318	31.32150274989102	0.0021092561604755173
2.0	26.359415595426473	20.867222738277704	24.101436196655467	28.671532568983014	3.929006573434787E-4
3.0	29.76505781429778	19.857364653995138	24.881219927590475	25.49542704992816	9.305541884450813E-4
4.0	29.386487691456352	19.869730685210474	25.173620732581885	25.569519842310356	6.410484409288337E-4
5.0	30.67985461848519	20.75781024469853	22.51852216414645	26.043213282192834	5.996904769979412E-4
6.0	21.885931426841484	22.067224061732553	21.606661775398134	34.439272860821355	9.098752064796349E-4
7.0	24.418341595275926	23.732502479409938	22.80633223514153	29.04193449394809	8.891962245141887E-4
8.0	23.997979249882338	23.514566688476098	23.437744270474468	29.04956503829334	1.4475287375812374E-4
9.0	30.50755734074909	19.957595679581654	23.140938842324417	26.393556594651425	3.5154269341258624E-4
10.0	25.8799733985576	23.266418904890745	25.288099576742596	25.56532200897137	1.8611083768901624E-4
11.0	24.126912702436893	23.271505934454247	24.38953577339806	28.211797441927217	2.4814778358535496E-4
12.0	25.031680200371063	22.71579965209681	22.97980821484966	29.27262921675461	8.2715927861785E-5
13.0	25.890561037323906	21.877308291361892	22.89357686005375	29.338512453296516	4.13579639308925E-5
14.0	25.652525275919658	21.96759272662303	23.51293304890083	28.86674215873683	2.0678981965446247E-4
15.0	25.827986437896467	22.069974366333955	23.61161315083994	28.490260613073914	1.6543185572357E-4
16.0	25.93605479764789	22.133851741625218	23.4603463977627	28.46933348332488	4.1357963930892494E-4
17.0	26.11383200560483	22.024211779244425	23.424489043034615	28.437074271458783	3.929006573434787E-4
18.0	25.774820775263308	22.168323604561618	23.535018201639925	28.52053464267133	0.0013027758638231137
19.0	25.940666210626183	22.13997272028699	23.641287489960355	28.272841796689214	0.005231782437257901
20.0	25.89358016869086	22.22634882795666	23.518392300139705	28.351029027500562	0.010649675712204818
21.0	26.08531568947448	22.14470820715708	23.486215804201475	28.269243653827225	0.014516645339743268
22.0	26.009217035841637	22.14536993457997	23.432305698217554	28.395840381419685	0.01726694994114762
23.0	26.085067541690893	22.130377672655026	23.41960880329077	28.354213590723244	0.010732391640066603
24.0	26.015714924421868	22.337828688463908	23.533612178528752	28.1062680611408	0.006576147444670405
25.0	26.219868682580085	22.325533108645942	23.41967949681716	28.033533114436498	0.0013855975203181333
26.0	26.514995150179	21.98170511020158	23.300773696390863	28.201657418571607	8.686246569449643E-4
27.0	26.425934823331197	22.14034847509313	23.688471713570625	27.74493474701191	3.1024099313519413E-4
28.0	25.744261755259924	22.881308428806136	24.25113602446354	27.123252423198252	4.136827214862462E-5
29.0	23.64722942209553	23.339546025290687	23.86023304834936	29.152991504264413	0.0
30.0	25.503383196851036	21.055450664660704	21.397577041017513	32.04356840893133	2.068853941808104E-5
31.0	28.289898266535594	21.308326244800508	24.417976450276573	25.98373696415192	6.207423540577825E-5
32.0	27.65369984301075	21.275064784451235	24.184270529769393	26.886964842768624	0.0
33.0	30.699934816902562	19.562567390194218	21.742775367537245	27.994577528039184	1.4489732678921806E-4
34.0	24.27434448203613	22.808123780047637	22.685636731784633	30.23056970248176	0.0013253036498448358
35.0	23.97625532967001	24.131717002093286	21.872347610225333	30.01934818519499	3.3187281638057846E-4
36.0	22.636212815242228	24.057638330950866	24.19664228549964	29.109443963313474	6.260499379167145E-5
37.0	24.003590871146876	23.465066892458232	25.95893842684507	26.571507585469906	8.962240799192887E-4
38.0	28.419920586311132	24.345865396013224	24.861621959087557	22.372118769008225	4.7328957986299123E-4
39.0	19.90359522330529	28.45978759330517	31.357733731551146	20.27467982159245	0.004203630245942069
