# Position (bp)	A	C	G	T	N
0.0	21.096732948842366	29.317091462519652	26.265231631564166	23.31439024062294	0.006553716450871997
1.0	22.619470630840812	23.08831523131657	23.23230893824434	31.059007237014264	8.979625840147428E-4
2.0	28.28571796621912	24.672932408240683	21.04399762787434	25.996543361202768	8.086364630918103E-4
3.0	31.230193695700887	22.58182672293397	22.274084132230115	23.91389074776024	4.701374785417502E-6
4.0	31.726983267901165	20.671277336261223	22.650203517813086	24.95132431615918	2.1156186534378757E-4
5.0	31.347685752963255	21.697075002066253	21.46627040972575	25.483186144258674	0.005782690986063526
6.0	27.233865281353303	20.909298538897342	18.440489104704977	33.41630476267131	4.231237306875751E-5
7.0	26.66190542770898	23.74607987616955	20.52206040194686	29.069860266678905	9.402749570835003E-5
8.0	25.81543230034413	24.165644666144566	20.34880533835465	29.67001896628616	9.872887049376754E-5
9.0	33.30276186022869	20.639853347195494	20.048622558305745	26.00863059577608	1.3163849399169003E-4
10.0	29.550829712726255	23.491345286171274	22.770177900962153	24.187454343774114	1.9275636620211755E-4
11.0	27.076703023651582	23.716616360389338	22.3328936294209	26.87321812018914	5.688663490355176E-4
12.0	27.8503565569651	23.025721127423523	21.37391660344101	27.748261502124976	0.001744210045389893
13.0	28.579347029817153	22.53226953132089	20.886069046082596	27.99818658571777	0.004127807061596566
14.0	28.315534085108236	22.590895674895044	21.38094515874521	27.706235912918125	0.006389168333382384
15.0	28.319088324446014	22.964650268960952	21.32655025247793	27.374977045537612	0.01473410857749845
16.0	28.656252118557013	22.77731458788642	21.111231988680593	27.435135837291813	0.020065467584161896
17.0	28.810283260651648	22.718735458060117	21.21690949110721	27.228830108958125	0.025241681222906563
18.0	28.634625794544093	23.04179042644008	21.34390772818569	26.95951655575027	0.020159495079870245
19.0	28.89172987743422	22.71303739182019	21.59494703760263	26.787328704234348	0.012956988908610634
20.0	28.472922008799657	22.939643656477315	21.572554389499686	27.00872584562923	0.00615409959411151
21.0	28.700242882424163	22.813891283716966	21.452471874730552	27.031701464205565	0.0016924949227503005
22.0	28.737947908203214	22.675186623422793	21.267430464551303	27.31891315122151	5.218526011813426E-4
23.0	28.877531725582255	22.51284815208233	21.385359749668716	27.22338591695661	8.744557100876552E-4
24.0	28.737062005754833	22.930521548086695	21.270796691345122	27.061262434454637	3.573203587176694E-4
25.0	29.258236423493	22.793498183266685	21.15609199265351	26.79198532808824	1.8807249856289102E-4
26.0	29.73033972765908	22.096067844437368	21.169238642661735	27.004198617018538	1.551682232782334E-4
27.0	29.542944883217526	22.390647113506255	22.092668994358174	25.973569724542816	1.6928437522615336E-4
28.0	28.159578654970662	24.02941281450991	22.87505549749575	24.935492170438458	4.60862585214315E-4
29.0	25.794640868790008	24.559082861310547	22.6608469531514	26.985217673699562	2.1164304847825122E-4
30.0	26.656350196389095	22.270282332818077	19.684862989092913	31.387963523216506	5.409584834120725E-4
31.0	29.475888446494054	22.50211234946849	22.818380195051756	25.20315323116426	4.657778214385675E-4
32.0	29.558607879512117	22.101727769667605	22.739174534204107	25.59963336223004	8.564543861334953E-4
33.0	34.984045374472004	20.742463114740787	21.166901393432926	23.105705096154495	8.850211997884045E-4
34.0	26.516744060606438	21.5814504074749	19.961850526510606	31.939073922567612	8.810828404452268E-4
35.0	26.153470591131683	23.97985362779111	19.109146938853936	30.75642888142059	0.0010999608026843577
36.0	25.906043128729795	23.735213526063426	19.50498441205894	30.852902766483776	8.561666640664568E-4
37.0	30.313499790517177	22.314332261690016	20.175082201409467	27.196622612385802	4.6313399753573713E-4
38.0	31.877123238376665	24.377206693657648	19.06878416121217	24.67396435917839	0.0029215475751228656
39.0	25.135769421608977	27.67705754252488	24.721111756739475	22.463138352717234	0.00292292640943588
