# Position (bp)	A	C	G	T	N
0.0	20.700055384527463	28.78367509536812	29.024887739176698	21.487826749802288	0.0035550311254320876
1.0	23.728908286079996	21.989817315102663	24.59321787466288	29.686619383912266	0.0014371402421959503
2.0	26.239012390502097	23.877026178644094	24.17874999054513	25.70469877624567	5.126640630055729E-4
3.0	29.1817713467853	22.29344050533549	24.77375966812986	23.750524220015244	5.042597341038422E-4
4.0	29.35418615420431	21.19569227717813	25.0711384419887	24.378403227934644	5.798986942194185E-4
5.0	29.995335597459537	22.14786072009971	22.995017073394163	24.860559577026937	0.0012270320196526828
6.0	24.3092356010734	22.42839721883948	21.01078023268225	32.251141517973075	4.4542943179172727E-4
7.0	25.047278552236683	24.52368045732996	22.503456280260835	27.92517289805633	4.1181211618480446E-4
8.0	24.470195308199347	24.460614373251374	22.832821929919664	28.236267536682796	1.0085194682076845E-4
9.0	30.81343818574071	21.07018202935968	22.63381582585558	25.48232863783478	2.3532120924845968E-4
10.0	26.86791672654751	24.13383725689428	24.8759142859304	24.12223087868099	1.0085194682076845E-4
11.0	25.03942890904247	24.241202558613892	24.141863390995432	26.577152159534336	3.5298181387268955E-4
12.0	25.839663894078562	23.746212799288656	23.03371060365773	27.37997567787216	4.370251028899966E-4
13.0	26.567604841901964	23.038484262473915	22.873280369252594	27.51983211512586	7.984112456644167E-4
14.0	26.363774653048296	23.147505216987167	23.40433310389515	27.083109568076324	0.001277457993063067
15.0	26.46276924318178	23.200023868294082	23.47714820949975	26.856814608068326	0.003244070956068052
16.0	26.6148623833164	23.22819517877268	23.344796837955293	26.806186930764298	0.0059586691913270685
17.0	26.760526211841196	23.156523061898724	23.261678025117178	26.813465079593197	0.007807621549707823
18.0	26.49143640906558	23.325962736886517	23.36788352944835	26.808145139398405	0.006572185201153409
19.0	26.634604151906565	23.260602271017756	23.421040909751795	26.676835904637763	0.006916762686124368
20.0	26.5449299625251	23.409064741066828	23.32947574636744	26.70927661419844	0.007252935842193596
21.0	26.777023909475297	23.293631283601556	23.318718205373223	26.603314835405424	0.007311766144505712
22.0	26.711965999446996	23.244835749998106	23.21657199190159	26.81804543884464	0.008580819808667048
23.0	26.794118314461414	23.239725918025858	23.246567041751863	26.71314260549324	0.006446120267627449
24.0	26.732386505944707	23.464470439519985	23.312024394056806	26.4878744122952	0.003244248183305065
25.0	27.018009512772178	23.364414418503472	23.185810389410406	26.43054691211461	0.0012187671993267699
26.0	27.322341442814242	22.917039324414652	23.13147163609416	26.628290203662786	8.573930141634601E-4
27.0	27.220543562836298	23.048317481154594	23.708907124367926	26.021853544833206	3.7828680797892625E-4
28.0	26.410199566047822	24.09034861195076	24.293638117105885	25.205645565029393	1.6813986613880836E-4
29.0	24.285932526688907	24.632222219326223	24.059772659685944	27.021929662675483	1.4293162344512466E-4
30.0	25.642815832105804	22.532218361880595	21.329143333219534	30.495620663947744	2.0180884632441343E-4
31.0	28.15581263119776	22.730127846257183	24.405262736963312	24.70864540961202	1.5137596972076935E-4
32.0	27.869807310627703	22.48114450386606	24.39231812902407	25.256385206824422	3.4484965774512566E-4
33.0	31.66246077721001	21.146391116340396	22.335514978123403	24.855212497317424	4.2063100876653907E-4
34.0	24.793770529851844	23.165023717493586	22.198878885897592	29.840896251712845	0.0014306150441290042
35.0	24.46974943324618	25.03858072488359	21.322172461213	29.169050703049486	4.466776077396924E-4
36.0	23.61529128352971	24.94479234327263	22.68099873481747	28.75845997588966	4.576624905246914E-4
37.0	25.642474742199894	24.204332020231917	23.975617812886345	26.176950854290848	6.245703909914743E-4
38.0	29.20926294174636	24.807867753169567	22.408163279540606	23.57339823242169	0.0013077931217754181
39.0	21.458319055942233	28.89299755866797	28.891377065348156	20.753630787707316	0.0036755323343188166
