# Position (bp)	A	C	G	T	N
0.0	22.622897154783814	25.574967222079042	27.144960149958052	24.654655052541806	0.002520420637283875
1.0	25.48745981149445	18.061234665407184	23.65949734842783	32.789765936604745	0.002042238065783377
2.0	26.769168421580105	20.030290873477174	23.00261396510283	30.19768764855414	2.3909128575024902E-4
3.0	30.316794957405392	19.28106844316805	23.716351263751857	26.684759235573356	0.0010261001013448189
4.0	30.0902161156094	19.18783280386236	24.05112887448674	26.670025235088996	7.969709525008301E-4
5.0	31.29262611592122	20.058135046130175	21.527181640738046	27.121359847627126	6.973495834382263E-4
6.0	22.294664667996347	21.315834906271732	20.63795133834834	35.75065249506202	8.965923215634339E-4
7.0	25.065732669841733	22.91828447619134	21.782302004770468	30.232824105422523	8.567437739383923E-4
8.0	24.628225503329496	22.74685602430841	22.35176763674303	30.27296155501784	1.8928060121894714E-4
9.0	31.127214794729667	19.226416160100307	22.10106049936008	27.544910060333688	3.9848547625041504E-4
10.0	26.511866349565206	22.55090079136227	24.336075876416505	26.600927853507176	2.2912914884398866E-4
11.0	24.539761727601903	22.533496938187035	23.709407654328196	29.216975042954246	3.5863692862537355E-4
12.0	25.4210223204666	22.104377890949866	22.125129022125606	30.349361182951956	1.0958350596886413E-4
13.0	26.433763196220127	21.044137546427294	21.96062425539253	30.561405267001707	6.973495834382263E-5
14.0	26.24268941035805	21.124820893231096	22.568782827109008	30.063607247932783	9.962136906260376E-5
15.0	26.40147591050694	21.220298013340695	22.692373097568073	29.68567366011998	1.7931846431268678E-4
16.0	26.50200383402801	21.31221865057476	22.519211233863455	29.666137909646807	4.2837188696919615E-4
17.0	26.73762829613488	21.16034587343882	22.505732462629286	29.596173822154135	1.1954564287512451E-4
18.0	26.38736952464767	21.37066650780379	22.649595681692592	29.590973586689074	0.0013946991668764527
19.0	26.481053460114147	21.350592801937676	22.76979882560353	29.393793010903458	0.004761901441192459
20.0	26.48949139007375	21.457875054281196	22.61131118956183	29.430563258224467	0.010759107858761207
21.0	26.734609768652284	21.275667570265693	22.612008539145272	29.36367747103583	0.01403665090092087
22.0	26.615412800568876	21.299367493965686	22.527569466727808	29.539947521455208	0.01770271728242469
23.0	26.73440056377725	21.256898904334296	22.568294682400598	29.429875870777934	0.010529978709917218
24.0	26.694694391532703	21.456850586988228	22.633178184600425	29.209827370468076	0.005449466410564991
25.0	26.9281951525688	21.400290417468884	22.52541650995913	29.14478282203088	0.001315097972308221
26.0	27.20150685027045	21.04668505892797	22.432849814134542	29.318181138865558	7.771378014771597E-4
27.0	27.09923055646558	21.338417654875123	22.948755044665667	28.61338750445381	2.0923953981649094E-4
28.0	26.360507003765736	22.164953589888302	23.466919841717765	28.007569742711652	4.9821916541514006E-5
29.0	24.147094513452615	22.476116752996496	23.116846569339618	30.25990230357601	3.9860635260937185E-5
30.0	26.05958341302099	20.119579823214487	20.56385076809601	33.256966063372545	1.9932295970277757E-5
31.0	29.000304399317685	20.372706763784734	23.648976355130145	26.977872940495416	1.395412720223537E-4
32.0	28.28036111674888	20.407647952240275	23.38746721841933	27.92449380693787	2.9905653643884274E-5
33.0	31.56367014685549	18.69932811710472	20.964455253205372	28.77239692737308	1.4955546134669308E-4
34.0	24.875650322483356	21.687978055094447	21.84196899356549	31.592657265240614	0.001745363616090218
35.0	24.56034370649508	23.011181408174636	20.885669087610438	31.542556092322275	2.497053975719446E-4
36.0	23.27757896999934	22.916138391646186	23.134035512137096	30.672096429698065	1.5069651931226127E-4
37.0	24.61100428573206	22.49894674255262	24.570498734497164	28.31872758068127	8.226565368853998E-4
38.0	29.34709782372833	23.63291283055706	23.222113937999005	23.797058710116083	8.166975995189962E-4
39.0	21.672397592312006	26.55421036127691	30.287062630330823	21.482069544554115	0.004259871526147382
