# Position (bp)	A	C	G	T	N
0.0	20.860570313037638	29.681225342294443	27.09737000890902	22.35409899434431	0.0067353414145894155
1.0	22.61260432624556	23.434562231426597	23.139145631259225	30.812815943751115	8.718673175011991E-4
2.0	28.02899018729973	25.232479094152488	21.384615814661505	25.35294320443319	9.716994530929393E-4
3.0	31.28506853342999	22.595240190128305	22.736409485330732	23.383275135635266	6.655475706116023E-6
4.0	31.935082223743517	20.488642364152756	23.079672300349372	24.496396792007467	2.063197468895967E-4
5.0	31.756316146277243	21.38862241103659	21.653257436063175	25.19610691941856	0.005697087204435316
6.0	27.94340076971908	20.631508805660243	18.439740857073524	32.98527635731438	7.321023276727625E-5
7.0	27.02111822374405	23.572769839939802	20.549293714262593	28.856745011820788	7.321023276727625E-5
8.0	26.243712072939758	23.718158706739906	20.567656171735766	29.470399838351806	7.321023276727625E-5
9.0	34.1063579626311	20.07501785996906	20.159981662833335	25.658575959809443	6.655475706116022E-5
10.0	30.34765809117496	23.04024526226634	22.77839888156062	23.833424890494133	2.7287450395075693E-4
11.0	27.767030663507004	23.29122325114398	22.24914214245886	26.691838563183957	7.653797062033426E-4
12.0	28.442361783406593	22.76138083018008	21.303032993455936	27.491527246652332	0.0016971463050595857
13.0	29.11344005432998	22.290465991118136	21.074171150349724	27.517949485205612	0.003973318996551265
14.0	28.959206060316443	22.360142166285463	21.536480459323663	27.13784861215362	0.0063227019208102215
15.0	29.036289779944685	22.492033728353565	21.57332517283272	26.883296632821796	0.015054686047234443
16.0	29.226722906323783	22.494190102482346	21.421586982208982	26.836515294083508	0.02098471490138382
17.0	29.337682997296145	22.41220795273441	21.555734750541454	26.66904355889051	0.025330740537477584
18.0	29.178084689863482	22.537171164592444	21.524720233750955	26.73892605380473	0.021097857988387793
19.0	29.31034230309542	22.455228947698743	21.66574310848785	26.555115125753215	0.01357051496477057
20.0	29.20326235445972	22.620384577346012	21.617284589871616	26.55260601141201	0.006462466910638658
21.0	29.450473344087698	22.558907948248617	21.576539767598774	26.412295272575676	0.0017836674892390942
22.0	29.492096689153747	22.347596594579436	21.416076248324316	26.74363813060466	5.92337337844326E-4
23.0	29.608208118322644	22.229375379611696	21.515382601335276	26.64613541151006	8.98489220325663E-4
24.0	29.483346865648834	22.54302946867752	21.45909532338751	26.51410902797685	4.1931430928716636E-4
25.0	29.941186611367705	22.345413507510422	21.42483354732727	26.28828012106133	2.8621273327169775E-4
26.0	30.33361459163451	21.807460897862764	21.40776613722831	26.451038556705587	1.1981656882090645E-4
27.0	30.41916706591175	21.884728374546278	22.087988890502068	25.60779613983423	3.195292056683682E-4
28.0	29.072911790867224	23.372814174463674	22.77724293542638	24.776651631534722	3.794677079970689E-4
29.0	26.459073528249544	24.12049314050997	22.63742566203162	26.782794611586304	2.1305762256589158E-4
30.0	27.17343365589225	22.014317873302037	19.599983884817735	31.2117518301886	5.127557993846264E-4
31.0	30.006667642180922	22.342502345929745	23.009120037073984	24.641283714602004	4.262602133445688E-4
32.0	30.35588010068553	21.647468089436515	23.21331655019171	24.782535850982224	7.994087040285869E-4
33.0	35.644539059725986	20.388731255991203	21.448967993235467	22.516901996410873	8.596946364651277E-4
34.0	27.06546688108466	21.335566450178668	20.07058344368736	31.527562782064795	8.204429845154394E-4
35.0	26.618990269980813	23.691402682330338	19.25690829089816	30.43159595132711	0.0011028054635789809
36.0	26.486758732102945	23.371281179443006	19.703528200705804	30.43758999420979	8.418935384536221E-4
37.0	31.03293543245159	21.772804432752977	20.44892196712523	26.74483437045396	5.037972162374257E-4
38.0	32.87348700555465	23.346575624784943	19.012347324403933	24.764986984348386	0.002603060908085086
39.0	25.699493440044225	27.046217692424257	24.99532062959118	22.256389513690273	0.0025787242500620775
