# Position (bp)	A	C	G	T	N
0.0	19.11613911300831	29.140551847230416	29.040538083706373	22.697988764559106	0.004782191495791171
1.0	20.779110869279325	22.95546442823983	26.053629568502036	30.209913471191978	0.0018816627868291614
2.0	24.37252729927561	24.543740944681883	23.89622220417449	27.186932390825426	5.771610425954861E-4
3.0	27.47945586434784	22.92445380099711	25.52639295609106	24.06909371522862	6.036633353677279E-4
4.0	27.91693215583843	21.823463162961477	25.62662757205488	24.63231455182591	6.625573193060428E-4
5.0	28.310502982303003	22.824180903943734	23.99772009609378	24.86473082534088	0.0028651923185990208
6.0	22.22869794294504	22.87717371069143	21.766424339517222	33.12703556012861	6.684467176998743E-4
7.0	23.130980279172796	25.45200690967777	23.302785809117648	28.113652785688387	5.742163433985703E-4
8.0	22.581349229369273	25.312634296687747	23.73876324871701	28.367064764477362	1.884607486026077E-4
9.0	29.01670663310573	22.190178332750186	23.460206483485567	25.332558131454082	3.5041920443297373E-4
10.0	24.959791604815713	25.525011892167708	25.359475626813087	24.155564807146053	1.5606905743653453E-4
11.0	22.92690673542814	25.025888322989687	25.499602082797523	26.54701686364447	5.859951401862334E-4
12.0	23.77638178095761	24.70604981971668	23.950457673983284	27.566015297241176	0.0010954281012526574
13.0	24.609728708985568	23.967834343944283	23.78425590661016	27.63572516132976	0.002455879130227732
14.0	24.472558730994837	24.04624284946056	24.346934918555217	27.130591461090837	0.003672039898553935
15.0	24.47509706170258	24.296448050824097	24.35419654677481	26.867294127097814	0.006964213600705738
16.0	24.774731983785543	24.188395258492466	24.178047585514506	26.84854522731105	0.010279944896432868
17.0	24.840310434900857	24.220507203234835	24.08317821148747	26.844569883395213	0.01143426698162384
18.0	24.482997689647902	24.30839469546598	24.278756298049025	26.920334049032657	0.00951726780443169
19.0	24.734209978136786	24.271995268692905	24.441427371085044	26.54341549652664	0.008951885558623866
20.0	24.62062704071335	24.244745022324647	24.50106636392018	26.623467144194795	0.010094428847027177
21.0	24.675949104525806	24.166018489295105	24.622125892604583	26.52305290157997	0.01285361199453723
22.0	24.833496400959195	23.97315247069391	24.221602631336086	26.956291770926192	0.015456726084610748
23.0	24.898294506787323	24.084532773118053	24.23072825414733	26.77343184019612	0.013012625751170681
24.0	24.73516090803051	24.481150851817887	24.230444943574312	26.544720832920927	0.00852246365636013
25.0	25.142576892568542	24.230927062418004	24.213627880038505	26.408677368835004	0.0041907961399439645
26.0	25.4462220376025	23.790694011381994	23.971619115634084	26.789014409095607	0.002450426285817015
27.0	25.344217509307953	24.220576664140875	24.680282460678253	25.753948433188924	9.749326839908571E-4
28.0	24.364274980547666	25.26026216579208	25.410734802692264	24.96421550787497	5.125430930178818E-4
29.0	22.34892853220484	25.458784678408826	25.063544971574746	27.1285680044911	1.7381332048725233E-4
30.0	23.414445967760187	23.3049127954122	22.322464504333592	30.957870288302697	3.0644419132678076E-4
31.0	26.20977072841404	23.76765741563419	25.234624702445824	24.787649496181086	2.9765732486344013E-4
32.0	25.95050961657958	23.38268867109173	25.25866098217185	25.407657301273588	4.834288832486232E-4
33.0	29.76504252972976	21.913518754178778	23.063569642638914	25.25718784754318	6.812259093746594E-4
34.0	22.85809525406128	24.055302621211524	22.81474407575217	30.268339897794167	0.00351815118085918
35.0	22.68054372138789	25.843472927055554	21.882961075849316	29.5922267041719	7.9557153533772E-4
36.0	22.022112685612992	25.42924591723348	23.478812374701942	29.069221390342094	6.076321094967359E-4
37.0	24.816395622127835	24.289615416471914	24.882321998023244	26.010963025462992	7.039379140168178E-4
38.0	27.52708696147436	26.399300834935058	24.23129889591532	21.84037342985201	0.0019398778232462394
39.0	21.373971947427002	28.88660000672675	29.506913902991577	20.227071419990743	0.0054427228639301085
