# Position (bp)	A	C	G	T	N
0.0	19.896876101023402	31.47534916694905	27.15020017772488	21.470840232187182	0.006734322115483217
1.0	22.365311261898704	23.631103629891452	23.750744984384024	30.252105470504127	7.346533216890782E-4
2.0	27.041900033885884	25.5652315520133	22.995995833291243	24.39600017999006	8.724008195057804E-4
3.0	29.712380163503223	23.446751561980097	23.692982866966222	23.14788540755046	0.0
4.0	30.264594576972843	21.522526154423517	23.860162413483092	24.3525638023452	1.530527753518913E-4
5.0	29.589203289900016	22.482167055879874	22.94475376410343	24.977738473825067	0.00613741629161084
6.0	26.08466206100255	21.859104512699858	19.513601340987197	32.54258616947779	4.591583260556739E-5
7.0	25.591816819091928	24.574811737433677	21.561447475195504	28.271893357723826	3.061055507037826E-5
8.0	24.839638954625055	25.425142346733715	21.374600647045913	28.360618051595317	0.0
9.0	32.15136797040082	21.619898330102387	20.99862650439399	25.230061279270195	4.591583260556739E-5
10.0	28.236232061066836	24.521074908007627	23.739174194567422	23.503304562472625	2.1427388549264783E-4
11.0	25.732916172688835	24.47916905811628	23.37758701279858	26.409975735012996	3.5202138330934997E-4
12.0	26.32660788827882	23.963641394898506	22.79589463479618	26.91220311205269	0.0016529699738004257
13.0	27.020901193107605	23.52558904656386	22.241323208586138	27.20842145346874	0.0037650982736565255
14.0	27.052720865103264	23.594034247701224	22.587574502264722	26.759456442251505	0.006213942679286786
15.0	27.055475815059598	23.938096886692275	22.362188985281527	26.630004404858877	0.01423390810772589
16.0	27.612297117067314	23.96766668289026	22.046165614734942	26.353529871463216	0.02034071384426635
17.0	27.399446622385437	23.55293957751924	22.558769969943494	26.46314626917024	0.02569756098158255
18.0	27.433102927685322	24.052779331263448	22.254700021151894	26.239077006055073	0.02034071384426635
19.0	27.607705533806755	23.515257984227606	22.63186797545156	26.23157742006283	0.013591086451247947
20.0	26.980755450132804	23.854392323852323	22.792772358179004	26.365452682663133	0.006627185172736893
21.0	27.155541719584665	23.885890585019744	22.70068050324977	26.25620361161695	0.0016835805288708042
22.0	27.487467273490314	23.53408347559589	22.51498157091532	26.462962605839817	5.050741586612413E-4
23.0	27.75852373863851	23.193296165997367	22.59375783438894	26.453412112657865	0.0010101483173224825
24.0	27.05159324959122	24.15278188270829	22.395324016896993	26.399856982605417	4.4386819808337716E-4
25.0	27.74893784610788	23.75349121340014	22.47235537571479	26.02500127426324	2.142905139558993E-4
26.0	28.09648417200058	23.213419492306997	22.452928530044534	26.23701473391924	1.530717286466852E-4
27.0	28.231459187042795	23.822808989056448	22.74460349993517	25.200914011604404	2.1431236118490854E-4
28.0	26.68401064030432	24.98622198163421	23.92164042923732	24.407759535001066	3.674138230877948E-4
29.0	24.362588146351076	26.048864835601766	23.268738223613813	26.319609762311245	1.9903212210038905E-4
30.0	24.96581251677602	23.475359211649117	20.789634015163916	30.76862771878726	5.665376236870299E-4
31.0	27.856295028781208	23.8213977089886	23.848319076085634	24.473666599848183	3.2158629638097505E-4
32.0	28.036344856485417	23.39057641082443	23.646150113826558	24.92607093759266	8.576812709366124E-4
33.0	33.16110513426309	21.97535618669641	21.972399676652778	22.890097330455255	0.0010416719324714723
34.0	24.95296297261141	23.128916240531684	20.621740776099458	31.295521866586164	8.581441712855766E-4
35.0	24.65618851466625	25.450949991084578	19.665301885987567	30.22653149598929	0.0010281122723153303
36.0	24.085545374594226	25.374088237295023	20.425706004340086	30.113842780431387	8.176033392771554E-4
37.0	27.126127782963472	25.21888476732364	20.861567667608714	26.79299392091032	4.2586119385611636E-4
38.0	29.651554056315298	26.117465946308087	19.4418304843768	24.786833825469802	0.00231568753000679
39.0	22.60295839625139	29.03776934133264	26.663953299682298	21.692658475008436	0.0026604877252367257
