# Position (bp)	A	C	G	T	N
0.0	22.50811537161735	24.55782863231849	28.353201721010535	24.578397248590157	0.0024570264634681833
1.0	24.626287711764068	19.498071162383297	24.311702112985284	31.562157309466937	0.001781703400409677
2.0	26.89385013460482	20.663614110631137	22.4835882127101	29.958638617674037	3.0892437990974236E-4
3.0	30.272239969009856	19.722091627833198	24.087796596141864	25.9168660067084	0.001005800306682882
4.0	29.878785257611323	19.625233058299635	24.498572625679056	25.996776841074354	6.322173356292401E-4
5.0	31.084826036778956	20.54300428528405	22.119265788765844	26.25236506757829	5.388215928658297E-4
6.0	22.554202578527143	21.747371125369845	21.228299139954526	34.469315331615235	8.118245332511834E-4
7.0	25.279411325196506	23.26523155247289	22.484277904348964	28.97026739344839	8.118245332511834E-4
8.0	24.785304740250634	23.13818460516303	22.870361536357095	29.206012616759047	1.3650147019267684E-4
9.0	31.09448171972311	19.735964487777515	22.631713860732866	26.537538191674503	3.0174009200486466E-4
10.0	26.47183069449649	22.901376107242452	24.997205312005004	25.629472937649577	1.1494860647804367E-4
11.0	24.63505972729593	23.08527232474361	24.232595918864675	28.046806210443307	2.65818652480476E-4
12.0	25.662470371996683	22.514063962002588	22.554051708481136	29.269327746064732	8.621145485853275E-5
13.0	26.658334808507117	21.445358030424597	22.477826413810387	29.418430457242568	5.02900153341441E-5
14.0	26.406769783229915	21.540844400968325	23.080027794573045	28.972293362637565	6.465859114389955E-5
15.0	26.559672982709433	21.658120716727552	23.21469727134998	28.56738689631866	1.221328943829214E-4
16.0	26.66128036654812	21.716320633044965	23.002875726762564	28.6191496906733	3.735829710536419E-4
17.0	26.89663763831191	21.597118928127234	22.965905381204063	28.54022310375031	1.1494860647804367E-4
18.0	26.5291397591137	21.73958335728096	23.076521862075467	28.653361269676324	0.0013937518535462796
19.0	26.65096372911671	21.707835989029306	23.27180517590585	28.364768424537388	0.0046266814107412575
20.0	26.598266977334433	21.819451085919486	23.167130101131782	28.405201596866043	0.009950238748255655
21.0	26.866003834685515	21.746243192168784	23.08989182186644	28.284017028486563	0.013844122792699384
22.0	26.754985033691437	21.6923610328822	22.977335583260725	28.558270034967364	0.017048315198274853
23.0	26.85063664285698	21.677848771314345	23.07167965202758	28.389475190642266	0.010359743158833685
24.0	26.77536070489949	21.8652836711791	23.08439510352349	28.26904037624528	0.00592014415263626
25.0	27.066435836243564	21.859451862767745	22.972920056344847	28.099906127843603	0.001286116800241991
26.0	27.339350448466952	21.460602472688414	22.85085828714488	28.348340912629727	8.478790700261169E-4
27.0	27.238579454961815	21.659743338644155	23.465799229044407	27.63570551692282	1.7246042679931555E-4
28.0	26.536572724756173	22.474575145719147	24.01898826054299	26.969820750429534	4.311855215950645E-5
29.0	24.31055754377325	22.989924846377303	23.698596642688745	29.000906592770804	1.4374389896988812E-5
30.0	26.159518082474076	20.650528565511543	21.05758963890546	32.13234933643754	1.4376671377901877E-5
31.0	28.957118650794335	20.879051985393037	24.170140680296996	25.993638356331417	5.0327184214174094E-5
32.0	28.177520262467333	20.98730443798499	23.946677819740035	26.88845433260153	4.3147206114131695E-5
33.0	31.52293877633241	19.260723161655072	21.57644622079168	27.639719178542922	1.7266267791899746E-4
34.0	24.898711796526484	22.08833545440333	22.345254603650833	30.66568185073385	0.0020162946855008753
35.0	24.79245621775496	23.25690428284695	21.258218800166667	30.692139264363895	2.8143486752860787E-4
36.0	23.886278087829343	22.83056735497023	23.23658924448553	30.04644894488929	1.1636782560535815E-4
37.0	26.170762197584878	21.475621911997337	24.742436605618167	27.61045573449792	7.235503017018276E-4
38.0	29.982550008436288	23.753622916705723	23.870268648881723	22.39298850790199	5.699180742768227E-4
39.0	23.369039740845494	26.782496386008248	28.7121398535841	21.1323697841822	0.003954235379955614
