# Position (bp)	A	C	G	T	N
0.0	21.857778965385215	27.40195907203339	27.194421500998374	23.54211635179137	0.003724109791649649
1.0	24.41722778626274	20.66575802012188	24.067902210313527	30.8476508818325	0.0014611014693515958
2.0	26.18236748183443	22.605094989944224	23.061984817320862	28.15004982016219	5.028907382884563E-4
3.0	30.078092135835412	21.45511978789428	23.600968159812695	24.865187905124362	6.320113332544112E-4
4.0	30.45532814775963	20.289398669079272	23.88097636372755	25.37361723735478	6.795820787681841E-4
5.0	31.071192610822507	21.356159045584057	21.910290272611633	25.661012498465848	0.0013455725159610043
6.0	24.830325344483555	21.521494569527565	19.972536729032818	33.67512687457619	5.164823798638198E-4
7.0	25.90252237761848	23.719704740615075	21.451749060783587	28.92551413442378	5.09686559076138E-4
8.0	25.16270893920907	23.676999802785282	21.737873503407357	29.422281838182535	1.3591641575363682E-4
9.0	31.909688162889843	20.196459023986936	21.54740023837021	26.346180741921504	2.7183283150727363E-4
10.0	27.77072069543537	23.341415376468763	23.923857992897823	24.963870018782288	1.3591641575363682E-4
11.0	25.722827284350597	23.48284320288121	23.372105303145936	27.42189801022445	3.2619939780872834E-4
12.0	26.446541423313985	23.00871917398701	22.118949154076617	28.425416478479065	3.7377014332250127E-4
13.0	27.410780047415802	22.141694766252986	21.850677332662087	28.595869255475698	9.78598193426185E-4
14.0	27.23872345671327	22.193118742153377	22.38032321739165	28.186196790931874	0.0016377928098313234
15.0	27.30703504727105	22.32664302898975	22.5294167296526	27.833262634144408	0.003642559942197467
16.0	27.50443776496357	22.343071938516456	22.318061830830953	27.82793127467072	0.006497191018299447
17.0	27.67275639428877	22.26549992669871	22.32774995213497	27.725627116842393	0.00836661003516083
18.0	27.3742499961767	22.39184906635038	22.440291114483166	27.786228307026207	0.007381515963547817
19.0	27.485774999712813	22.398748089857534	22.547243165069954	27.560613907434533	0.007619837925163676
20.0	27.486259765946297	22.487331086822397	22.412753286494315	27.60570252682177	0.007953333915218276
21.0	27.701216085390218	22.365829827174842	22.42489821087855	27.499707853171866	0.008348023384526613
22.0	27.64746680749325	22.306610002458303	22.280354582774052	27.75566333889533	0.009905268379065715
23.0	27.767706945185033	22.278786284996805	22.34769838284328	27.59894165267881	0.006866734296067612
24.0	27.735891518933464	22.488390529663814	22.388504890595616	27.38365033023249	0.003562730574619488
25.0	28.049459192643933	22.392898398741334	22.262511446085544	27.29367587242341	0.0014550901057748516
26.0	28.371352721656272	21.91895805132238	22.21877165974994	27.489904384815674	0.0010131824557325965
27.0	28.198941490660996	22.174150817859903	22.97580557854061	26.650748496723065	3.536162154251745E-4
28.0	27.30762707242175	23.33070188097611	23.46248078946835	25.898986233432765	2.0402370102530072E-4
29.0	25.07265461239549	23.699894094879863	23.246306498572412	27.98103597121715	1.088229350865071E-4
30.0	26.514427063500197	21.467774417863986	20.416305971372665	31.601254464560846	2.3808270231213675E-4
31.0	29.279456778727464	21.6482926911572	23.616862947223588	25.455203893027733	1.8368986402051668E-4
32.0	28.931261526770413	21.420529518330696	23.539100928238437	26.108733780867794	3.7424579266075425E-4
33.0	33.04583896621821	20.078433171580883	21.504277362411838	25.37095363067705	4.968691120159422E-4
34.0	25.619600900925626	22.042064490240186	21.396425187805782	30.940765250112694	0.0011441709157065448
35.0	25.364079989210424	23.921758908636413	20.412395564697334	30.301103474560676	6.62062895155993E-4
36.0	24.80278401715118	23.800711761372078	21.682695870895216	29.713355008139214	4.533424423109722E-4
37.0	28.07108959856895	23.103817891653954	22.604429946861682	26.220122411041547	5.4015187387103E-4
38.0	30.52078763941536	24.161456238110766	21.00122433262028	24.31498075232934	0.001551037524250824
39.0	23.611877520391808	26.986589521311917	27.49979837962291	21.89758152793223	0.004153050741140421
