# Position (bp)	A	C	G	T	N
0.0	20.447822283960427	26.61018603263615	28.837431085161068	24.101483105794287	0.003077492448063255
1.0	22.708226624484293	20.1857522159926	25.508348678547716	31.59521286345899	0.002459617516405768
2.0	24.997659204585837	21.82754492782508	23.513222602752204	29.661240562950603	3.327018862771087E-4
3.0	28.590094957871226	20.698675545476625	25.114314783830118	25.595825510218145	0.0010892026038833915
4.0	28.371624679952667	20.525543821036806	25.236099517154504	25.865860619772917	8.713620831067132E-4
5.0	29.402323241428924	21.493322118639274	23.032345594242802	26.071228780550943	7.802651380546477E-4
6.0	20.46970535445663	22.44532084106403	21.952842834639082	35.131216039653	9.149301872620487E-4
7.0	23.10891059619069	24.434117659546793	23.32365778157234	29.132426757660106	8.872050300722898E-4
8.0	22.76564542502428	24.14910304363607	23.912199496923062	29.172794586528394	2.574478881906198E-4
9.0	29.242828333589728	20.862725300568428	23.69182014389515	26.202131129854024	4.950920926742689E-4
10.0	24.547271947511685	24.349480676119942	25.692812070804667	25.410284797567538	1.5050799617297774E-4
11.0	22.657374725461533	23.96551893493571	25.45518370926798	27.921490910029963	4.317203048119625E-4
12.0	23.739796548043657	23.601598521662932	23.485897479973328	29.172517334956495	1.9011536358691923E-4
13.0	24.70408543657696	22.575633040592642	23.27641411372099	29.443712940376493	1.5446873291437188E-4
14.0	24.434458282906554	22.587606347761874	24.101439537690133	28.87630571627785	1.9011536358691923E-4
15.0	24.53138147170521	22.779123812155248	24.20382062171843	28.4852423741163	4.317203048119625E-4
16.0	24.746663356546946	22.70506595656466	23.976054494667817	28.571416123398812	8.000688217616184E-4
17.0	24.9228408875409	22.925706718217505	23.89110857377514	28.2597932780594	5.50542407053787E-4
18.0	24.522814398133576	22.896195268757378	24.11602693110869	28.462899858158096	0.0020635438422663523
19.0	24.83496798219633	22.99234611389146	24.226567132824258	27.939674652409703	0.0064441186782482835
20.0	24.602555910948062	22.960034423555168	24.20793582719274	28.215290440033097	0.014183398270932453
21.0	24.667856577603427	22.713838988446845	24.479293822819134	28.11724636273663	0.02176424839396086
22.0	24.717932172224874	22.639836583170638	24.10154647758215	28.51375967865434	0.026925088367997438
23.0	24.904649223687677	22.715775788713387	24.003965806484423	28.35526287647397	0.020346304640541754
24.0	24.898632264377447	22.95724128927465	24.11779729399796	28.01222433418208	0.014104818167861357
25.0	25.266891255974137	22.90938483740144	23.941949547578563	27.87623673584761	0.005537623198252298
26.0	25.628889149277974	22.450029658210806	23.70418337243527	28.21338415198631	0.0035136680896428233
27.0	25.40945293543857	22.88440914984018	24.34111246141438	27.36388453793859	0.0011409153682845098
28.0	24.549916318966332	23.76241448267436	25.154300029269745	26.53305222549079	3.1694359877729503E-4
29.0	22.459892836243416	23.82343318740241	24.751415483443605	28.965175285698898	8.320721167205406E-5
30.0	23.98655889602414	21.4771755197081	22.049309412672617	32.48686501698488	9.115461026727483E-5
31.0	27.088482514506502	21.923437582252127	25.255381944774776	25.73251561640812	1.8234205848011075E-4
32.0	26.497115221449175	21.881195969873968	24.959317327226504	26.662280291364223	9.119008613101874E-5
33.0	29.930965072962884	20.16047304600353	22.377810741458312	27.530413992995122	3.371465801477146E-4
34.0	23.200178955038343	23.027091164849228	22.810955716368966	30.956399161039087	0.005375002704372668
35.0	22.943747447060655	24.308533059423418	21.844374050596933	30.903138602376064	2.0684054292619463E-4
36.0	21.83546569830854	23.9417191551729	23.911028871426623	30.311585920713117	2.0035437881106585E-4
37.0	23.841841444718803	22.846803307317863	25.82431865891713	27.48616308666706	8.735023791457171E-4
38.0	28.032096727658672	25.151046238311093	24.881504626074573	21.93417293915871	0.001179468796946776
39.0	21.4610943918034	27.60805262982593	30.640370377135294	20.28405321861298	0.006429382622401628
