# Position (bp)	A	C	G	T	N
0.0	19.694034123961842	28.38058541133729	29.225284677137324	22.695258154297658	0.00483763326588452
1.0	21.46687273610281	22.64654476348144	25.75031691953869	30.13439114954145	0.0018744313356033756
2.0	25.220466345906928	24.05530236856829	23.625448948128785	27.098195516719127	5.868206768641875E-4
3.0	28.28670137767551	22.494206600743265	25.109925819561756	24.108543008160154	6.23193859314447E-4
4.0	28.37959121101698	21.565320391722686	25.26514716322883	24.78928166698974	6.595670417647065E-4
5.0	28.792523826980627	22.541867594147256	23.637456948095032	25.025181154210312	0.002970476566771197
6.0	22.486061432753235	22.662439844212205	21.614179275268704	33.23673020221016	5.892455556942047E-4
7.0	23.512898197233532	25.059071260738637	23.261009059007826	28.166446786737293	5.746962827141009E-4
8.0	22.990654468491538	25.159349699875172	23.448168481745054	28.40166003324897	1.6731663927119393E-4
9.0	29.496323083483677	21.95388540032349	23.234723372490436	25.314782008000453	2.861357019420418E-4
10.0	25.38189052962118	25.12920603113923	25.392521198411977	24.096195525157707	1.8671566991133238E-4
11.0	23.49670728128551	24.831139925353497	25.09924422831553	26.572372666824023	5.35898221433824E-4
12.0	24.41377948064624	24.237616883403145	23.699715712055728	27.647804003057868	0.0010839208370177346
13.0	25.094690305872764	23.614328453814327	23.397954090933055	27.890544073457924	0.002483075921937719
14.0	24.84413242612473	23.64448182206559	24.066670200523415	27.440809071491103	0.003906479795157876
15.0	24.85083236633207	23.961643848637706	24.04900495824674	27.1313630093561	0.007155817427381063
16.0	25.198904323350412	23.805617445199072	23.79645625297927	27.1885246780161	0.010497300455144905
17.0	25.32021858633735	23.948064527189608	23.765153492162575	26.954853654440313	0.011709739870153557
18.0	25.04949783911773	24.11038106631331	23.908134047495714	26.92209839120444	0.009888655868810565
19.0	25.334847880318843	23.986574027889112	24.1066079548538	26.562910789629296	0.009059347308944646
20.0	24.994959889351808	23.97460967574181	24.110138578430306	26.910180111754904	0.010111744721172156
21.0	25.03347181493014	23.847061049282896	24.257234153137986	26.84939324924403	0.012839733404941621
22.0	25.123774302559987	23.73427508514113	23.937273816396033	27.189467955880982	0.015208840021868527
23.0	25.286680087239382	23.769552222360225	23.91623314278797	27.014743311784084	0.012791235828341276
24.0	25.185384881727273	24.051771722828448	23.997130998203005	26.757079298552	0.008633098689267666
25.0	25.60583787598515	24.02101169721475	23.806194740163956	26.562883821490306	0.004071865145840799
26.0	26.033315337366176	23.462234905094313	23.58086519371373	26.920974906054745	0.0026096577710321197
27.0	25.772825375283897	23.891650695169435	24.2620557052384	26.072434962344392	0.0010332619638759005
28.0	24.749229032838123	24.91543818367067	25.233348357327458	25.101574482402945	4.0994376080999266E-4
29.0	22.713617305284174	25.260729261000293	24.822185471504806	27.203315123994127	1.5283821659926378E-4
30.0	23.817990132744153	23.022126516368335	22.144072165561333	31.015563681343185	2.47503982994244E-4
31.0	26.618432691242155	23.345626272734727	25.135122908441147	24.900531744824807	2.863827571563047E-4
32.0	26.372144202946153	23.175917384968844	24.934066319807517	25.51743755945392	4.3453282356564234E-4
33.0	30.3882338048986	21.67705128365796	22.807174386470184	25.126928493661737	6.120313115218974E-4
34.0	23.362144734714413	23.700674365805114	22.526319791532256	30.407521026710825	0.0033400812373877904
35.0	23.18403586304315	25.435393570471376	21.624562762274422	29.755264782669364	7.430215416805363E-4
36.0	22.450135447438086	25.11171246687955	22.99967318997031	29.437948615014843	5.302806972130607E-4
37.0	25.197561996134095	23.984254170455504	24.375652963511087	26.441703047852066	8.278220472461947E-4
38.0	27.90697868718146	26.06397564749879	23.797433345334824	22.2297615874151	0.001850732569827241
39.0	21.62840897673764	29.126329791427917	28.706922846290396	20.533021989340863	0.005316396203181426
