# Position (bp)	A	C	G	T	N
0.0	17.468162649096193	31.350450175855528	30.388376390354022	20.788551888690716	0.004458896003543304
1.0	19.92067153712254	23.00758786227786	27.577286538539386	29.492560966026666	0.0018930960335470904
2.0	22.485679740538686	25.509317247176426	26.255304240773242	25.749243356899797	4.5541461184387555E-4
3.0	25.281196198567912	23.574778483951548	27.451797488730723	23.691570007643822	6.578211059967091E-4
4.0	25.695587776552753	22.793179853648198	27.12536641528574	24.385160508349863	7.054461634444346E-4
5.0	26.074349858434516	23.841514524451895	25.584183837484254	24.497192502863456	0.002759276765877599
6.0	20.543517991556076	23.95298692454048	23.097614103684514	32.40525292477384	6.280554450918806E-4
7.0	21.234590317349568	26.632706031951653	24.678054611653373	27.45401800703422	6.310320111823634E-4
8.0	20.75553879418117	26.1322768111214	25.1347997485397	27.977185216229667	1.9942992806235073E-4
9.0	26.67079417164547	23.283560187356976	24.914286802858456	25.13105522839787	3.036097412292504E-4
10.0	22.797528616706394	26.77751597225364	26.49631084398745	23.92841834802963	2.2621902287669636E-4
11.0	20.985820829771377	25.880152733559235	26.972507840275085	26.160884587817034	6.340085772728464E-4
12.0	21.80421577008527	25.90421231726861	25.17415888195415	27.116329560635034	0.001083470056935756
13.0	22.62577480015335	25.228552650691633	25.066067860944358	27.07721748220609	0.0023872060045672426
14.0	22.511349646503014	25.214919977997223	25.64224175907912	26.627925666810338	0.003562949610307967
15.0	22.462313696728398	25.446080100584123	25.730779717440534	26.354346500867965	0.006479984378981157
16.0	22.7269691175315	25.276639075883384	25.63013904135522	26.356611667662822	0.00964109756707394
17.0	22.832976542277954	25.220188499977382	25.453298273353543	26.48339254715476	0.010144137236365543
18.0	22.356925397728762	25.364632322650237	25.671287090990052	26.598407060891017	0.008748127739929086
19.0	22.669500556022545	25.43819517701043	25.69487637725713	26.188828590274486	0.008599299435404944
20.0	22.633802598899386	25.39040045529555	25.81626371899311	26.148618158958154	0.010915067853800598
21.0	22.70326374518689	25.254743455721794	25.973971120165164	26.054311615513388	0.013710063412763991
22.0	22.829708272710604	25.050390287345785	25.604597127732788	26.498692096859845	0.01661221535098477
23.0	22.933649960590266	25.384658659307007	25.481283947736262	26.18653365781872	0.013873774547740548
24.0	22.90853704330966	25.588971184434012	25.433618857865554	26.059912970667554	0.008959943723218585
25.0	23.220715452182734	25.344905570149866	25.35288360364677	26.077372397754505	0.004122976266124335
26.0	23.53358732436401	24.803231873368674	25.111650120532857	26.548881117163596	0.0026495645708561294
27.0	23.349730422470415	25.312132295826885	25.911108456762054	25.425927256849533	0.0011015680911093274
28.0	22.43046616021534	26.17309571239313	26.855639338849222	24.540375993141186	4.2279540111746016E-4
29.0	20.711299737338674	26.365926742472496	26.285853896460637	26.636791583403234	1.2804032496038938E-4
30.0	21.667000455491454	24.38792684083544	23.492819867349095	30.45203841733172	2.14418992281363E-4
31.0	24.3350005064992	24.889826371597895	26.229873432983663	24.545001835817594	2.978531016500853E-4
32.0	23.96854692320101	24.420836829269852	26.464577828148723	25.14574648106341	2.9193831700837105E-4
33.0	27.295146362537686	23.090062747041653	24.10496652141367	25.50923739391282	5.869750941700233E-4
34.0	20.94539768999581	25.52149395483452	23.78601028615806	29.743616812893332	0.0034812561182778223
35.0	20.834295520516058	27.20142806981083	22.92830828602675	29.03533843691939	6.296867269737441E-4
36.0	20.06907732308523	26.894582575737562	24.64339317674044	28.392515176176225	4.3174826054172597E-4
37.0	21.841069142949145	26.55297597211021	25.94187899279352	25.663276383835548	7.995083115781303E-4
38.0	25.12691873144523	27.633330172669645	24.95124604336488	22.286754151700265	0.0017509008199764467
39.0	18.465057523731428	29.92231558478165	31.952805571426072	19.654279519194002	0.005541800866841059
