# Position (bp)	A	C	G	T	N
0.0	21.145060531454142	28.875127204480744	26.776769269192226	23.196578363413487	0.00646463145940246
1.0	22.45668006625195	23.47520984683828	23.339214433723825	30.727967203713135	9.284494728132736E-4
2.0	27.994705145846645	24.81788239244241	21.109751839607004	26.076694206295812	9.664158081327756E-4
3.0	30.957649726456005	22.73763094761626	22.28680142460735	24.017910998350327	6.9029700580912545E-6
4.0	31.72375514944309	20.64245183003949	22.64713646163971	24.986373537105326	2.830217723817414E-4
5.0	31.52936060963718	21.580220312431187	21.381725408410773	25.502757115270903	0.0059365542499584785
6.0	27.843209113466745	20.695300968804236	18.320924324257906	33.14052072416574	4.4869305377593154E-5
7.0	27.15467926799249	23.436142487794516	20.356979503287125	29.05212280825523	7.59326706390038E-5
8.0	26.258911906919245	23.736369913046047	20.276332104098447	29.728282531385393	1.0354455087136881E-4
9.0	33.50469036106537	20.391998270391824	19.94526220862736	26.1579249064544	1.2425346104564259E-4
10.0	29.94167404479116	23.212251556930383	22.575528501742102	24.270314647039406	2.31249496946057E-4
11.0	27.427374197167325	23.5134039801697	22.15746737759895	26.901105565878563	6.488791854605779E-4
12.0	28.144958643616086	22.923821307508128	21.225483584115935	27.704062494520766	0.0016739702390871293
13.0	28.914242884314916	22.366285673341242	20.7737601264845	27.941610951644837	0.004100364214506205
14.0	28.688657274301526	22.42512659011641	21.267539929194857	27.61222192938289	0.006454277004315323
15.0	28.6734086134432	22.676867553679912	21.31102173759077	27.323581139373864	0.015120955912248891
16.0	28.98682071150569	22.557252888513307	21.07743903676508	27.357474722359093	0.021012640856829776
17.0	29.10697380833683	22.525133368833007	21.11632346710231	27.225541707123824	0.026027648604033074
18.0	28.928960016478772	22.72078424918949	21.194368446579087	27.134853937985646	0.02103334976700405
19.0	29.134237088581262	22.556500464776974	21.37203708993424	26.923326226495558	0.01389913021196674
20.0	28.897941520522735	22.741810695986434	21.30617930409502	27.047496851900505	0.006571627495302873
21.0	29.138154524089227	22.64200065191649	21.224727708894573	26.993294731004376	0.001822384095336091
22.0	29.135624585562937	22.492547898673788	21.07472271804722	27.29654565714135	5.591405747053916E-4
23.0	29.238827439416426	22.395557717872578	21.201709755235868	27.163083634038216	8.214534369128592E-4
24.0	29.129976284456195	22.72285839057652	21.159195402854287	26.98763166116912	3.3826094388057646E-4
25.0	29.554916922998753	22.604323638140006	21.034246463749408	26.806281703232475	2.3127187935533273E-4
26.0	29.963806310739503	21.990935284173	21.011025529516697	27.034098246976917	1.3462859388442363E-4
27.0	29.785975083734478	22.215496528947337	21.981370366640693	26.01690946078003	2.4855989746351873E-4
28.0	28.5318898778878	23.80671612792858	22.628746557669828	25.03222623495348	4.2120156031010794E-4
29.0	26.144730791896066	24.333929030349196	22.409197063793908	27.111960112964788	1.8300099604334584E-4
30.0	27.037810667797086	22.056030065502803	19.44716909945945	31.45843761952082	5.525477198341321E-4
31.0	29.763645847818736	22.375341233841887	22.548896684440496	25.31160158104121	5.14652857666984E-4
32.0	29.849247106131887	21.905601676308116	22.5848537358846	25.6594337899821	8.636916932965848E-4
33.0	35.1220181664342	20.671519657078814	20.97872080704317	23.226794401775987	9.46967667828073E-4
34.0	26.77940454990627	21.497255381977517	19.75056801273425	31.971876144426798	8.959109551680279E-4
35.0	26.4352244277874	23.888543215093485	18.979075320748773	30.696138038083088	0.001018998287251042
36.0	26.33697881371855	23.59899897366093	19.317476834729515	30.745619898600996	9.254792900086094E-4
37.0	30.715522599488736	22.1141337380362	19.968487085208906	27.20143429604862	4.2228121753265806E-4
38.0	32.181082932855176	24.06919007545788	18.918081818225648	24.82886381694083	0.002781356520467582
39.0	25.382992389109848	27.683851243666012	24.158497704456117	22.77184023044521	0.002818432322814929
